=== MARKOV MAP 1 ===
DIFICULTAD: MEDIO
11111111111111111111
11111111111111111111
11111111111111111111
11111111111111111111
11111111111111111111
11111111111111111111
11111111111111111111
22111111111111111111
11111111111111113111
11111111222221222111
11111111111111222111
11111111111111222111
11111111111111111111
11111111111122221111
11111111111122221111
11111111111122221111
11111111111111111111
22222222222222222222
22222222222222222222
22222222222222222222

=== MARKOV MAP 2 ===
DIFICULTAD: DIFICIL
11111111111111111111
11111111111111111111
11111111111111111111
11111111111111111121
11111111111111111221
11111111111111112221
11111111111111112221
11111111111111112221
11131111111111111111
11221111112222221111
31221111112222221111
11221111112222221111
11111111111111111111
22211111222222222211
22211111222222222211
22211111222222222211
11111111111111111111
22222222222222222222
22222222222222222222
22222222222222222222

=== MARKOV MAP 3 ===
DIFICULTAD: FACIL
11111111111111111111
11111111111111111221
11111111111111111111
11111111111111111111
11111111111111111111
11111111111111111111
11111111111111111111
11111211111111111111
11111111111111111111
11111111111111111111
11111111111111111111
11111111111111111111
11111111111111111111
11111111111222221112
11111111111222221112
11111111111222221112
11111111111111111111
22222222222222222222
22222222222222222222
22222222222222222222

=== MARKOV MAP 4 ===
DIFICULTAD: MEDIO
11111111111111111111
11111111111111111111
11111111111111111111
11111111111111111111
11111111111111111111
11111111111111111111
11111111111111111111
11111122222111111111
11111111111111111111
11111111111111111111
11111111111111111111
13111111111111111111
22211111111111111111
22211111111111111111
22211111111111111111
22211111111111111111
11111111111111111111
22222222222222222222
22222222222222222222
22222222222222222222

=== MARKOV MAP 5 ===
DIFICULTAD: EXPERTO
11111111111111111111
11111111111111111111
11111111111111111111
11111111111111111111
11111111111111111111
11111111111111111111
11111111111111111111
11111111111111111111
11111111131111111111
11111112221111122221
31111112221111111111
11111112221111111111
11113111111111111111
22222222211111111122
22222222211111111122
22222222211111111122
11111111111111111111
22222222222222222222
22222222222222222222
22222222222222222222

=== MARKOV MAP 6 ===
DIFICULTAD: MEDIO
11111111111111111111
11111111111111111111
11111111111111111111
11111111111111111211
11111111111111112211
11111111111111122211
11111111111111122211
11111111111111122211
11111111111111111111
11111111111112211111
11111111111112211111
11111111111112211111
11111111131111111111
11122222222222222111
11122222222222222111
11122222222222222111
11111111111111111111
22222222222222222222
22222222222222222222
22222222222222222222

=== MARKOV MAP 7 ===
DIFICULTAD: DIFICIL
11111111111111111111
11111111111111111111
11111111111111131111
11211111111111121111
12211111111111221112
22211111111112221122
22211111111112221122
22211111111112221122
11111111111111111111
11111111111111111211
11111111111111111211
11111111111111111211
11111111111111111111
22111111111111122222
22111111111111122222
22111111111111122222
11111131111111111111
22222222222222222222
22222222222222222222
22222222222222222222

=== MARKOV MAP 8 ===
DIFICULTAD: MEDIO
11111111111111111111
11111111111222211111
11111111111111111111
11111111111111111111
11111111111111111111
21111111111111111111
21111111111111111111
21111111111111111111
21111111111111111111
21111111111111111111
21111111111111111111
21111111111111111111
21111221111111112111
22222221111111122112
22222221111111122112
22222221111111122112
11111113111111111111
22222222222222222222
22222222222222222222
22222222222222222222

=== MARKOV MAP 9 ===
DIFICULTAD: EXPERTO
11111111111111111111
11111111111111111111
31111111111111111111
21111111111111111111
21111111111111111111
21111111111111111111
21111111111111111111
21111111111222111111
11111111111111111111
11111111111111112221
11111111111111111111
11113131111111111111
11222222111111111111
22222222111111111122
22222222111111111122
22222222111111111122
11111111311111111111
22222222222222222222
22222222222222222222
22222222222222222222

=== MARKOV MAP 10 ===
DIFICULTAD: MEDIO
11111111111111111111
11111111111111112111
11111111111111111111
11111111111111111111
11111111111111111111
11111111111111111111
11111111111111111111
11111111111111111111
11111311111111111111
21112211111111111111
11112211111111111111
11112211111111111111
11111111111111111111
22222111111111111222
22222111111111111222
22222111111111111222
11111111111111111111
22222222222222222222
22222222222222222222
22222222222222222222

=== MARKOV MAP 11 ===
DIFICULTAD: MEDIO
11111111111111111111
11111111112211111111
11111111111111111111
11111111111111111111
11111111111111111111
11111111111111111112
11111111111111111112
21111111111111111112
11111111111111111111
11111111111111111121
11111111111111311121
11111111111111111121
11111111111111111111
11111111111122222222
11111111111122222222
11111111111122222222
11111111111111111111
22222222222222222222
22222222222222222222
22222222222222222222

=== MARKOV MAP 12 ===
DIFICULTAD: MEDIO
11111111111111111111
11111111111111111111
11111111111111111111
11111111111111111211
11111111111111112211
11111111111111122211
11111111111111122211
11111111111111122211
11111111111111111111
11111111111111111111
11111111111111111111
11111111111111111111
31111111211111111111
22222222211111111111
22222222211111111111
22222222211111111111
11111111111111111111
22222222222222222222
22222222222222222222
22222222222222222222

=== MARKOV MAP 13 ===
DIFICULTAD: DIFICIL
11111111111111111111
11111111111111111111
31111111111111111111
21111111111111111111
21111111111111111111
21211111111111111111
21211111111111111111
21211111111111122222
11211111111131111111
11212111112221111111
11212111112221111111
11212111112221111111
11211111111111111111
22222222222211111111
22222222222211111111
22222222222211111111
11111111111111111111
22222222222222222222
22222222222222222222
22222222222222222222

=== MARKOV MAP 14 ===
DIFICULTAD: MEDIO
11111111111111111111
11111111111111112211
11111111111111111111
11111111111111211111
11111111111112211111
11111111111122211111
11111111111122211111
11111111111122211111
11111111111111111111
11111111111111111111
11111111111111111111
11111111111111111111
11111111111111111111
11111111111111111122
11111111111111111122
11111111111111111122
31111111111111111111
22222222222222222222
22222222222222222222
22222222222222222222

=== MARKOV MAP 15 ===
DIFICULTAD: FACIL
11111111111111111111
11111221111111111111
11111111111111111111
11211111111111111211
12211111111111112211
22211111111111122211
22211111111111122211
22211111111111122211
11111111111111111111
11111111111111111111
11111111111111111111
11111111111111111111
11111111111111111111
22111112222111111111
22111112222111111111
22111112222111111111
11111111111111111111
22222222222222222222
22222222222222222222
22222222222222222222

=== MARKOV MAP 16 ===
DIFICULTAD: EXPERTO
11111111111111111111
11111111111111111111
11111111111111111111
11111111111111111111
11111111111111111111
21111111111111111111
21111111111111111111
21111111111111111222
21111111111111131111
21112221111112221111
21112221311112221111
21112221111112221111
21111111113111111111
22222222222222211111
22222222222222211111
22222222222222211111
11111111111111111111
22222222222222222222
22222222222222222222
22222222222222222222

=== MARKOV MAP 17 ===
DIFICULTAD: EXPERTO
11111111111111111111
11111111111111111111
11111111111111111111
11111111111111111111
11111111111111111111
11111111111111111111
11111111111111111111
11111111111112131111
11111111111111111111
11111111111111111111
11111111111111111111
31111111111111111111
22111111111111111111
22111111111111111122
22111111111111111122
22111111111111111122
11311111111111111111
22222222222222222222
22222222222222222222
22222222222222222222

=== MARKOV MAP 18 ===
DIFICULTAD: FACIL
11111111111111111111
11111111111111111111
11111111111111111111
12111111112111111111
22111111122111111111
22111111222111111111
22111111222111111111
22111111222111111111
11111111111111111111
11111111111111111111
11111111111111111111
11111111111111111111
11111111111111111111
11111111111111111111
11111111111111111111
11111111111111111111
11111111111111111111
22222222222222222222
22222222222222222222
22222222222222222222

=== MARKOV MAP 19 ===
DIFICULTAD: FACIL
11111111111111111111
11111111111111222111
11111111111111111111
21111111111111111111
21111111111111111111
21111111111111111111
21111111111111111111
21111111111111111111
11111111111111111111
11111111111111111122
11111111111111111122
11111111111111111122
11111111111111111111
11111122111111111222
11111122111111111222
11111122111111111222
11111111111111111111
22222222222222222222
22222222222222222222
22222222222222222222

=== MARKOV MAP 20 ===
DIFICULTAD: FACIL
11111111111111111111
11111111111111112211
11111111111111111111
11111211121111111111
11112211221111111111
11122212221111111111
11122212221111111111
11122212221111111111
11111111111111111111
12211111111111111112
12211111111111111112
12211111111111111112
11111111111111111111
22222111111111111122
22222111111111111122
22222111111111111122
11111111111111111111
22222222222222222222
22222222222222222222
22222222222222222222

=== MARKOV MAP 21 ===
DIFICULTAD: DIFICIL
11111111111111111111
11111111111111111111
11111111111111111111
11111111111111111111
11111111111111111112
11111111111111111122
11111111111111111122
11111111111211111122
11111111111111111111
11111111111111221211
11111111111111111211
31111111111111111211
22111111111111111111
22111111111111122222
22111111111111122222
22111111111111122222
11311111111111111111
22222222222222222222
22222222222222222222
22222222222222222222

=== MARKOV MAP 22 ===
DIFICULTAD: EXPERTO
11111111111111111111
11111111111111111111
11111111311111111111
11111111211111111111
11111112211111111111
11111122211111111111
11111122211111111111
11111122211111111111
11111111111111111111
11111111111111111111
11111111111111111111
11111111111111131111
11111111111131222111
11111111222222222111
11111111222222222111
11111111222222222111
31111111111111111311
22222222222222222222
22222222222222222222
22222222222222222222

=== MARKOV MAP 23 ===
DIFICULTAD: EXPERTO
11111111111111111111
11111111111111111111
11111111111111111111
11111111111111111111
11111111111111111111
11111111111112111111
11111111111112111111
11111111111112111111
11111111111112111111
11111111111112111111
11111111111112113111
13131111111112111111
22222111111112111111
22222111222222222222
22222111222222222222
22222111222222222222
11111311111111111111
22222222222222222222
22222222222222222222
22222222222222222222

=== MARKOV MAP 24 ===
DIFICULTAD: DIFICIL
11111111111111111111
11111121111111111111
11111111111111111111
11111111111111111111
11111111111111111111
11111111111111111111
11111111111111111111
11111111111111122221
11111111111111111111
11111111111111111111
11111111111111111111
11111111111111111111
31211111121111111111
22211112221111111111
22211112221111111111
22211112221111111111
11111111113111111111
22222222222222222222
22222222222222222222
22222222222222222222

=== MARKOV MAP 25 ===
DIFICULTAD: MEDIO
11111111111111111111
11111111111111111111
11111111111111111111
12111111111111111111
22111111111111111111
22111111111111111111
22111111111111111111
22122111111131111111
11111111111111111111
11111111111111111111
11111111111111111111
11111111111111111111
11111111111111111111
21111111111111111111
21111111111111111111
21111111111111111111
11111111111111111111
22222222222222222222
22222222222222222222
22222222222222222222

=== MARKOV MAP 26 ===
DIFICULTAD: MEDIO
11111111111111111111
11111111111111111222
11111111111111111111
21111111111112111111
21111111111122111111
21111111111222111111
21111111111222111111
21111122211222111111
11111111111111111111
11111111111111111111
11131111111111111111
11111111111111111111
11111111111111111111
11222111111111111111
11222111111111111111
11222111111111111111
11111111111111111111
22222222222222222222
22222222222222222222
22222222222222222222

=== MARKOV MAP 27 ===
DIFICULTAD: FACIL
11111111111111111111
11111111111111111111
11111111111111111111
11211112111111111111
12211122111111111111
22211222111111111111
22211222111111111111
22211222111111111111
11111111111111111111
11111111111111112211
11111111111111111111
11111111111111111111
11111111111111111111
22111111111111111222
22111111111111111222
22111111111111111222
11111111111111111111
22222222222222222222
22222222222222222222
22222222222222222222

=== MARKOV MAP 28 ===
DIFICULTAD: FACIL
11111111111111111111
11111111111111111111
11111111111111111111
12111111111111111111
22111111111111111111
22111111122222211111
22111111122222211111
22111111122222211111
11111111122222211111
11112222122222211222
11111111122222211222
11111111122222211222
11111111122222211111
21111112222222222222
21111112222222222222
21111112222222222222
11111111111111111111
22222222222222222222
22222222222222222222
22222222222222222222

=== MARKOV MAP 29 ===
DIFICULTAD: EXPERTO
11111111111111111111
11111111111111111111
11111111131111111111
11111111121111121111
11111111221111221111
11111112221112221111
11111112221112221111
31111112221112221111
11111111111111111111
11111111111221111111
11111111111221111111
11111111111221111111
11111111111111111111
11111111122222211111
11111111122222211111
11111111122222211111
11131111111111111311
22222222222222222222
22222222222222222222
22222222222222222222

=== MARKOV MAP 30 ===
DIFICULTAD: EXPERTO
11111111111111111111
22222222111111111111
11111111111111111131
11111111111111111121
11111111111111111221
11111111111111112221
11111111111111112221
11111111111111112221
11111111111111111111
11111111111111111111
11111111111111111111
11111111113111111111
11111111122211111111
11111111222211111122
11111111222211111122
11111111222211111122
11111111111131111111
22222222222222222222
22222222222222222222
22222222222222222222

=== MARKOV MAP 31 ===
DIFICULTAD: FACIL
11111111111111111111
11111111111111111112
11111111111111111111
11111111112111121111
11111111122111221111
11111111222112221111
11111111222112221111
22211111222112221111
11111111111111111111
11111111111111111111
11111111111111111111
11111111111111111111
11111111111111111111
11111111111111111111
11111111111111111111
11111111111111111111
11111111111111111111
22222222222222222222
22222222222222222222
22222222222222222222

=== MARKOV MAP 32 ===
DIFICULTAD: EXPERTO
11111111111111111111
11111111111111112211
11111111111111111111
11111111111111111111
11111111111111111111
11111111111111111111
11111111111111111111
11311111111111111111
31111111111111111111
21111111111111111111
21111111111111111111
21111111111111111111
11111111111111111111
11111111111111111121
11111111111111111121
11111111111111111121
11111111111113111111
22222222222222222222
22222222222222222222
22222222222222222222

=== MARKOV MAP 33 ===
DIFICULTAD: DIFICIL
11111111111111111111
11111111111111111111
11131111111111111111
11121111111111111111
11221111111111111111
12221111111111111111
12221111111111111111
12221111111111111111
11111111111111111111
11111211111111111111
11111211113111111111
11111211111111111111
11111111111111111111
11122222222222222222
11122222222222222222
11122222222222222222
11111111111111111111
22222222222222222222
22222222222222222222
22222222222222222222

=== MARKOV MAP 34 ===
DIFICULTAD: DIFICIL
11111111111111111111
11111111111111111111
11111111111111111111
11111111111111111111
11111111111111111112
11111111111111111122
11111111111111111122
11111111111222111122
11111311111111111111
11122211111111111111
11122211111111111111
11122211111111111111
11111111111111111111
22222111111111111111
22222111111111111111
22222111111111111111
11111113111111111111
22222222222222222222
22222222222222222222
22222222222222222222

=== MARKOV MAP 35 ===
DIFICULTAD: DIFICIL
11111111111111111111
11111111111111111111
31111111111111111111
21111111111111111111
21111111111111111111
21111111112221211111
21111111112221211111
21111111112221211111
11111111112221211111
11111111112221212222
11111111112221212222
11111111112221212222
11111311112221211111
22222222222222222222
22222222222222222222
22222222222222222222
11111111111111111111
22222222222222222222
22222222222222222222
22222222222222222222

=== MARKOV MAP 36 ===
DIFICULTAD: EXPERTO
11111111111111111111
21111111111111111111
11111111111111111111
11111111111111111111
11111111111111111111
11111111112211111111
11111111112211111111
11111111112211111111
11111111112211111111
11111111112211111111
11111111112211111111
11111311112211131111
11122221112211222111
12222221122222222111
12222221122222222111
12222221122222222111
11111113111111111111
22222222222222222222
22222222222222222222
22222222222222222222

=== MARKOV MAP 37 ===
DIFICULTAD: EXPERTO
11111111111111111111
11111111111111111111
11111111111113111111
11111111111112111111
11111111111122111111
11111111111222111111
11111111111222111111
11111311111222111111
31111111111111111111
21111111111111111222
21111111111111111222
21111111111111111222
11111111111111111111
11111112211112222222
11111112211112222222
11111112211112222222
11111111111111111111
22222222222222222222
22222222222222222222
22222222222222222222

=== MARKOV MAP 38 ===
DIFICULTAD: DIFICIL
11111111111111111111
11111111111111111111
11111111111113111111
12111111211112111111
22111112211122111111
22111122211222111111
22111122211222111111
22111122211222111111
11111111111111111111
11111211111111111112
11111211111111111112
11111211111111111112
11111111111111131111
21122222111112222222
21122222111112222222
21122222111112222222
11111111111111111111
22222222222222222222
22222222222222222222
22222222222222222222

=== MARKOV MAP 39 ===
DIFICULTAD: FACIL
11111111111111111111
11111111111111111111
11111111111111111111
11112111111111111111
11122111111111111111
11222111111111111111
11222111111111111111
11222111111111111111
11111111111111111111
22111112222111121111
22111111111111121111
22111111111111121111
11111111111111111111
22221111112222222221
22221111112222222221
22221111112222222221
11111111111111111111
22222222222222222222
22222222222222222222
22222222222222222222

=== MARKOV MAP 40 ===
DIFICULTAD: MEDIO
11111111111111111111
11111122221111111111
11111111111111111111
11111111111111111111
11111111111111111111
11111111111111111111
11111111111111111111
11111111111111111111
11111111111111111111
11111111111111111111
11111111111111111111
11111111111111111111
11111111111112111111
11111111112222111111
11111111112222111111
11111111112222111111
31111111111111111111
22222222222222222222
22222222222222222222
22222222222222222222

=== MARKOV MAP 41 ===
DIFICULTAD: EXPERTO
11111111111111111111
11111111111111111111
13111111111111111111
12111111111111111111
22111111111111111111
22111111111111111111
22111111111111111111
22111111111111111111
11111111111111111111
11111111111111111111
11111111111111111111
11111111111111111111
11111111333333111111
12222222222222222222
12222222222222222222
12222222222222222222
11111111111111111111
22222222222222222222
22222222222222222222
22222222222222222222

=== MARKOV MAP 42 ===
DIFICULTAD: MEDIO
11111111111111111111
11111111111111111111
11111111111111111111
11111111111211111111
11111111112211111111
11111111122211111111
11111111122211111111
11111111122211111113
11111111111111111111
11122222211111111111
11122222211111111111
11122222211111111111
11111111111111111111
22222222222111111111
22222222222111111111
22222222222111111111
11111111111111111111
22222222222222222222
22222222222222222222
22222222222222222222

=== MARKOV MAP 43 ===
DIFICULTAD: FACIL
11111111111111111111
11111111111111111111
11111111111111111111
11211111111111111111
12211111111111111112
22211111111111111122
22211111111111111122
22211111122222222122
11111111111111111111
11111111111111111111
11111111111111111111
11111111111111111111
11111111111111111111
11111111111111111111
11111111111111111111
11111111111111111111
11111111111111111111
22222222222222222222
22222222222222222222
22222222222222222222

=== MARKOV MAP 44 ===
DIFICULTAD: DIFICIL
11111111111111111111
11111111111111111111
11111111111111111111
21111111111111111111
21111111111111111111
21111111111111111111
21111111111111111111
21111111111111111111
11111111111111111111
11111111111111111111
11111111111111111111
11111111111111111313
11111111111111112222
11111111111111122222
11111111111111122222
11111111111111122222
11111111111111111111
22222222222222222222
22222222222222222222
22222222222222222222

=== MARKOV MAP 45 ===
DIFICULTAD: FACIL
11111111111111111111
11111111111111111111
11111111111111111111
11111111111111111111
11111111111111111111
11111111111111111111
11111111111111111111
21111111111112222222
11111111111111111111
11111111111111111111
11111111111111111111
11111111111111111111
11111111111111111111
11111111111111111111
11111111111111111111
11111111111111111111
11111111111111111111
22222222222222222222
22222222222222222222
22222222222222222222

=== MARKOV MAP 46 ===
DIFICULTAD: FACIL
11111111111111111111
11111111111111111111
11111111111111111111
11111111211111111111
11111112211111111111
11111122211111111111
11111122211111111111
22222122211111222111
11111111111111111111
11111111111111111112
11111111111111111112
11111111111111111112
11111111111111111111
11111111111111111122
11111111111111111122
11111111111111111122
11111111111111111111
22222222222222222222
22222222222222222222
22222222222222222222

=== MARKOV MAP 47 ===
DIFICULTAD: EXPERTO
11111111111111111111
11111111111111111111
11111111111111111111
11111111111111111111
11111111111111111111
11111111111111111111
11111111111111111111
11111111111111111111
11111111111111111111
11111111111111111111
11111111111111111111
11111111111131111111
33331211111222221111
22222211112222221111
22222211112222221111
22222211112222221111
11111111111111113111
22222222222222222222
22222222222222222222
22222222222222222222

=== MARKOV MAP 48 ===
DIFICULTAD: EXPERTO
11111111111111111111
11111111111111111111
11111131111111111111
11111121111111111111
11111221111111111111
11112221111111111111
11112221111111111111
21112221111111111111
11111111111111111111
11111111111111111122
11111111111111111122
11111111111111111122
11111111333333311111
11111122222222222222
11111122222222222222
11111122222222222222
11111111111111111111
22222222222222222222
22222222222222222222
22222222222222222222

=== MARKOV MAP 49 ===
DIFICULTAD: MEDIO
11111111111111111111
11111111111111111111
11111111111111111111
11111111111111111111
11111111111111111111
11111111111111111111
11111111111111111111
11111111111111111221
11111111111111111111
11111111111111111111
11111111111111111111
11111111111111111111
11111111111122111111
11112222222222111111
11112222222222111111
11112222222222111111
31111111111111111111
22222222222222222222
22222222222222222222
22222222222222222222

=== MARKOV MAP 50 ===
DIFICULTAD: DIFICIL
11111111111111111111
11111111111111111111
11111111111111111111
11111111111112111111
11111111111122111111
11111111111222111111
11111111111222111111
11111111111222111111
31111111111111111111
21111111111111111111
21111111111111111111
21111111111111111111
11111111111111111111
11111111111111111111
11111111111111111111
11111111111111111111
11111113111111111111
22222222222222222222
22222222222222222222
22222222222222222222

=== MARKOV MAP 51 ===
DIFICULTAD: MEDIO
11111111111111111111
11111111111111111111
11111111111111111111
11111111111111111111
11111111111111111111
11111111111111111111
11111111111111111111
11111111111111111111
11111111111111111111
22121111111111111211
11121111111111111211
11121111113111111211
11111112222211111111
12222222222212222222
12222222222212222222
12222222222212222222
11111111111111111111
22222222222222222222
22222222222222222222
22222222222222222222

=== MARKOV MAP 52 ===
DIFICULTAD: DIFICIL
11111111111111111111
11111111111111112111
11111111111111111111
11111111111111111111
11111111111111111111
11111111111111111111
11111111111111111111
11111111111111111111
11111111111111111113
11111111111111111122
11111111111111111122
11111111111111111122
11111111111111111111
11111111111111111221
11111111111111111221
11111111111111111221
31111111111111111111
22222222222222222222
22222222222222222222
22222222222222222222

=== MARKOV MAP 53 ===
DIFICULTAD: FACIL
11111111111111111111
11111111111111111111
11111111111111111111
11211111111111111111
12211111111111111111
22211111111111111111
22211111111111111111
22211122222111111111
11111111111111111111
11111111111111111111
11111111111111111111
11111111111111111111
11111111111111111111
11111111111111111111
11111111111111111111
11111111111111111111
11111111111111111111
22222222222222222222
22222222222222222222
22222222222222222222

=== MARKOV MAP 54 ===
DIFICULTAD: DIFICIL
11111111111111111111
11111111111111111122
11111111111111111111
11211111111111111111
12211111111111111111
22211111111111111111
22211111111111111111
22211111111111111111
11111111111111111111
11111111111111111111
11111111111111111111
11111111131131111111
11111112222222111111
22111222222222111111
22111222222222111111
22111222222222111111
11111111111111111111
22222222222222222222
22222222222222222222
22222222222222222222

=== MARKOV MAP 55 ===
DIFICULTAD: DIFICIL
11111111111111111111
11111111111111111111
11111111111111111111
21111111111111111111
21111111111111111111
21111111111111111111
21111111111111111111
21111111111111111111
11111111111111111111
11111122111111111111
11111111111111111111
11111111111111111111
11111111122211111111
11111112222211111111
11111112222211111111
11111112222211111111
11111111111131111113
22222222222222222222
22222222222222222222
22222222222222222222

=== MARKOV MAP 56 ===
DIFICULTAD: MEDIO
11111111111111111111
11111111111111111111
11111111111111111111
11111111111211111111
11111111112211111111
11111111122211111111
11111111122211111111
11111111122211111111
11111111111111111111
11111111211112221211
11111111211111111211
11111111211111111211
11111111111111111111
11111112222111122222
11111112222111122222
11111112222111122222
31111111111111111111
22222222222222222222
22222222222222222222
22222222222222222222

=== MARKOV MAP 57 ===
DIFICULTAD: MEDIO
11111111111111111111
11111111111111111111
11111111111111111111
11111211111112111111
11112211111122111111
11122211111222111111
11122211111222111111
11122211111222111111
11111111111111111111
21211111111111111111
11211111111111111111
11211111111111111111
11111111111111111111
22222111111111111111
22222111111111111111
22222111111111111111
11111113111111111111
22222222222222222222
22222222222222222222
22222222222222222222

=== MARKOV MAP 58 ===
DIFICULTAD: MEDIO
11111111111111111111
11111111111111111111
11111111111111111111
11111111111111111111
11111111111111111111
11111111111111111111
11111111111111111111
22221111111111111111
11111111111111111111
11111111111111111111
11111111111111111111
11111111111111111111
11111111111111111111
11111111111111111112
11111111111111111112
11111111111111111112
11111111111113111111
22222222222222222222
22222222222222222222
22222222222222222222

=== MARKOV MAP 59 ===
DIFICULTAD: DIFICIL
11111111111111111111
11111111111111111111
11111111111111111111
21111111111111111111
21111111111111111111
21111111111111111111
21111111111111111111
21111111111111111113
11111111111111111111
11111111111111111111
11111111111111111111
11111111111111111111
11111111111111111111
11111111111111111111
11111111111111111111
11111111111111111111
11111111131111111111
22222222222222222222
22222222222222222222
22222222222222222222

=== MARKOV MAP 60 ===
DIFICULTAD: MEDIO
11111111111111111111
11111111112222211111
11111111111111111111
11111111111111111112
11111111111111111122
11122111111111111222
11122111111111111222
11122111111111111222
11122111111111111111
22122111111111112111
11122111111111112111
11122111111111112111
11122112111111111111
12222222111111122221
12222222111111122221
12222222111111122221
11111111311111111111
22222222222222222222
22222222222222222222
22222222222222222222

=== MARKOV MAP 61 ===
DIFICULTAD: MEDIO
11111111111111111111
11111111111111111111
11111111111111111111
11111111111111111111
11111111111111111111
11111111111111111112
11111111111111111112
11111111111111111112
11111111111111311111
11111111111222211111
11111111111222211111
11111111111222211111
11111111111111111111
11111222222222111111
11111222222222111111
11111222222222111111
11111111111111111111
22222222222222222222
22222222222222222222
22222222222222222222

=== MARKOV MAP 62 ===
DIFICULTAD: MEDIO
11111111111111111111
11111111111111111111
11111111111111111111
11111111112111111111
11111111122111111111
11112111222111111111
11112111222111111111
11112111222111111111
11112111111111111111
21112112111111111111
11112112111111111111
11112112111111111111
11112111111111111111
22222222221111112222
22222222221111112222
22222222221111112222
11111111111113111111
22222222222222222222
22222222222222222222
22222222222222222222

=== MARKOV MAP 63 ===
DIFICULTAD: MEDIO
11111111111111111111
11111111111111111111
11111111111111111111
11111111111111111111
11111111111111111111
22111111111111111111
22111111111111111111
22111111111111111111
22111111111111111111
22111111111111111221
22111111111111111111
22111111111111111111
22111112222111111111
22211122222111111122
22211122222111111122
22211122222111111122
11111111111311111111
22222222222222222222
22222222222222222222
22222222222222222222

=== MARKOV MAP 64 ===
DIFICULTAD: DIFICIL
11111111111111111111
11111111111111111111
11111111111111111111
11111111111211111111
11111111112211111111
11111111122211111111
11111111122211111111
11111111122211111111
11111111111111113111
11111111211111122111
11111111211111122111
11111111211111122111
21111111111111111111
21111222222112221111
21111222222112221111
21111222222112221111
13111111111111111111
22222222222222222222
22222222222222222222
22222222222222222222

=== MARKOV MAP 65 ===
DIFICULTAD: FACIL
11111111111111111111
11111111111111111112
11111111111111111111
11111111111111111111
11111111111111111111
11111111111111111111
11111111111111111111
11111122222111111111
11111111111111111111
11111111111111111111
11111111111111111111
11111111111111111111
11111111111111111111
11111111111111111111
11111111111111111111
11111111111111111111
11111111111111111111
22222222222222222222
22222222222222222222
22222222222222222222

=== MARKOV MAP 66 ===
DIFICULTAD: DIFICIL
11111111111111111111
22221111111111111111
11111111111111111111
11111111111111111111
11111111111111111111
11111111111112111111
11111111111112111111
11111111111112111111
11111111111112111111
11111111111112111111
11111111111112111111
11111111111112111111
11111113311112111111
11112222222222211111
11112222222222211111
11112222222222211111
11111111111111111111
22222222222222222222
22222222222222222222
22222222222222222222

=== MARKOV MAP 67 ===
DIFICULTAD: FACIL
11111111111111111111
11111111111111111111
11111111111111111111
11111111111111111111
11111111111111111111
11111111111111111111
11111111111111111111
11111111122222211111
11111111111111111111
21111111111111111112
11111111111111111112
11111111111111111112
11111111111111111111
22222111111111111222
22222111111111111222
22222111111111111222
11111111111111111111
22222222222222222222
22222222222222222222
22222222222222222222

=== MARKOV MAP 68 ===
DIFICULTAD: EXPERTO
11111111111111111111
11111111111111111111
11111113111111111111
11111112111111121111
11111122111111221111
11111222111112221111
11111222111112221111
11111222111112221111
11111111111111111111
11111111122221111221
11111111122221111111
31111111122221111111
22111111111111111111
22111112222222211122
22111112222222211122
22111112222222211122
11311111111111111111
22222222222222222222
22222222222222222222
22222222222222222222

=== MARKOV MAP 69 ===
DIFICULTAD: MEDIO
11111111111111111111
22111111111111111111
11111111111111111111
11111111211111111111
11111112211111111111
11111122211111111111
11111122211111111111
11111122211111111111
11111111111111111111
11112211111111111111
11112211111111131111
11112211111111111111
11111111111111111111
11222222111112222211
11222222111112222211
11222222111112222211
11111111111111111111
22222222222222222222
22222222222222222222
22222222222222222222

=== MARKOV MAP 70 ===
DIFICULTAD: MEDIO
11111111111111111111
11111111111111111111
11111111111111111111
11111111111111211111
11111111111112211111
11111111111122211111
11111111111122211111
22221111113122211111
11111111111111111111
11111111111111112211
11111111111111111111
11111111111111111111
11111111111111111112
11111111111111111222
11111111111111111222
11111111111111111222
11111111111111111111
22222222222222222222
22222222222222222222
22222222222222222222

=== MARKOV MAP 71 ===
DIFICULTAD: MEDIO
11111111111111111111
11111111111111111111
11111111111111111111
11211111111111211111
12211111111112211111
22211111111122211111
22211111111122211111
22211121111122211111
11111111111111111111
11111111111211111111
11111111111211111111
11111111111211111111
11111111111111111111
22111111112222111111
22111111112222111111
22111111112222111111
11111111111111111131
22222222222222222222
22222222222222222222
22222222222222222222

=== MARKOV MAP 72 ===
DIFICULTAD: MEDIO
11111111111111111111
11111111111111111111
11111111111111111111
11111121111111111111
11111221111111111111
11112221111111111111
11112221111111111111
31112221111111111111
11111111111111111111
11111111112211222222
11111111111111222222
11111111111111222222
11111111111111111111
11111111111222222222
11111111111222222222
11111111111222222222
11111111111111111111
22222222222222222222
22222222222222222222
22222222222222222222

=== MARKOV MAP 73 ===
DIFICULTAD: MEDIO
11111111111111111111
11111111111111111111
11111111111111111111
11111111111111111111
11111111111111111111
11111111111111111111
11111111111111111111
11111111111111222222
11111111111111111111
11111111111111111111
11111111111111111111
11111111111111111111
21111111111111111111
21111111111111111111
21111111111111111111
21111111111111111111
11111111113111111111
22222222222222222222
22222222222222222222
22222222222222222222

=== MARKOV MAP 74 ===
DIFICULTAD: EXPERTO
11111111111111111111
11111111111111111111
11111113111111111111
11111112111111111111
11111122111111111111
21111222111222111111
21111222111222111111
21111222111222111111
21111111111222111111
21111111111222111111
21111111111222111111
21111111111222111111
21111111111222133311
22111112222222222222
22111112222222222222
22111112222222222222
11111111111111111111
22222222222222222222
22222222222222222222
22222222222222222222

=== MARKOV MAP 75 ===
DIFICULTAD: DIFICIL
11111111111111111111
11111111111111111111
11111111111111111111
11111111111111111111
11111111111111111111
21111111111111111111
21111111111111111111
21111111111122111111
21111111111111111131
21111111111111111221
21111111111111111221
21131111111111111221
21222211111111111111
22222211111111112211
22222211111111112211
22222211111111112211
11111111111111111111
22222222222222222222
22222222222222222222
22222222222222222222

=== MARKOV MAP 76 ===
DIFICULTAD: DIFICIL
11111111111111111111
11111111111111111111
11111111111111111111
11111111111111111211
11111111111111112211
11122111122111122211
11122111122111122211
11122111122111122211
11122111122111111111
11122111122112211111
11122131122112211111
11122111122112211111
31122111122111111111
22222222222222222111
22222222222222222111
22222222222222222111
11111111111111111111
22222222222222222222
22222222222222222222
22222222222222222222

=== MARKOV MAP 77 ===
DIFICULTAD: DIFICIL
11111111111111111111
11111111111111111111
11111111111111111111
11111111111111111111
11111111111111111111
11111111111111111111
11111111111111111111
31111131111111111111
11111111111111111111
11111111111111122112
11111111111111111112
11111111111111111112
11111111111111111111
11111111111111112222
11111111111111112222
11111111111111112222
11111111111111111111
22222222222222222222
22222222222222222222
22222222222222222222

=== MARKOV MAP 78 ===
DIFICULTAD: EXPERTO
11111111111111111111
11111111111111111111
11111111113111111113
11111111112111111112
11111111122111111122
11111111222121111222
11111111222121111222
11111111222121111222
11111111111121111111
11111111111121111111
31111111111121111111
11111111111121111111
11111111111121111111
22111111112222111112
22111111112222111112
22111111112222111112
11113111111111111111
22222222222222222222
22222222222222222222
22222222222222222222

=== MARKOV MAP 79 ===
DIFICULTAD: DIFICIL
11111111111111111111
11111111111111111111
11111111111111111111
11111112111111111111
11111122111111111111
11111222111111111111
11111222111111111111
31111222111111111111
11111111111111111111
11112111111111111111
11112111111111111111
11112111111111111111
11111111111111122111
11222221111111222111
11222221111111222111
11222221111111222111
11111111111111111311
22222222222222222222
22222222222222222222
22222222222222222222

=== MARKOV MAP 80 ===
DIFICULTAD: EXPERTO
11111111111111111111
11111112111111111111
11111111111111111111
11111111111111111111
11111111111111111111
11111111111111111111
11111111111111111111
11111111111111111111
11111111111111111111
11111111111221111111
11111111111221111111
11111111111221131111
11111111131111222221
11111111222222222221
11111111222222222221
11111111222222222221
13111111111111111111
22222222222222222222
22222222222222222222
22222222222222222222

=== MARKOV MAP 81 ===
DIFICULTAD: FACIL
11111111111111111111
11222111111111111111
11111111111111111111
11111111111112111111
11111111111122111111
11111111111222111111
11111111111222111111
11111111111222111111
11111111111111111111
11111112112111111122
11111112112111111111
11111112112111111111
11111111111111111111
11111222222221111111
11111222222221111111
11111222222221111111
11111111111111111111
22222222222222222222
22222222222222222222
22222222222222222222

=== MARKOV MAP 82 ===
DIFICULTAD: DIFICIL
11111111111111111111
11111111111111121111
11111111111111111111
11111111211111111111
11111112211111111111
11111122211111111111
11111122211111111111
11111122211111111111
31111111111111111111
21111111111111111111
21111111111111111311
21111111111111111111
11111111111111111111
11111111111111112222
11111111111111112222
11111111111111112222
11111111111111111111
22222222222222222222
22222222222222222222
22222222222222222222

=== MARKOV MAP 83 ===
DIFICULTAD: FACIL
11111111111111111111
11111111111111111111
11111111111111111111
11111111111111111111
11111111111111111112
11111222111111111122
11111222111111111122
11111222111111111122
11111222111111111111
22111222121122222211
11111222121122222211
11111222121122222211
11111222111111111111
12222222222222222222
12222222222222222222
12222222222222222222
11111111111111111111
22222222222222222222
22222222222222222222
22222222222222222222

=== MARKOV MAP 84 ===
DIFICULTAD: FACIL
11111111111111111111
11111111111111111111
11111111111111111111
11111111111211111111
11111111112211111111
11122111122211111111
11122111122211111111
11122111122211111111
11122111111111111111
21122112211111111122
11122112211111111111
11122112211111111111
11122111111111111111
22222222222111111112
22222222222111111112
22222222222111111112
11111111111111111111
22222222222222222222
22222222222222222222
22222222222222222222

=== MARKOV MAP 85 ===
DIFICULTAD: EXPERTO
11111111111111111111
11111111111111111111
13111111111111111111
12111111111111111111
22111111111111111111
22111111111111111111
22111111111111111111
22111111111111111111
11113111111111111111
11122111222111111112
11122111111111131112
11122111111111111112
11111111111133111111
12221111112222222222
12221111112222222222
12221111112222222222
11111111111111111111
22222222222222222222
22222222222222222222
22222222222222222222

=== MARKOV MAP 86 ===
DIFICULTAD: DIFICIL
11111111111111111111
11111111111111111111
11111111111111111111
11111111111111111111
11111111111111111111
11111111111111111111
11111111111111111111
11111111111111111111
11111111111111111111
11111111111111111111
11111111111111111111
31111111111111111111
22211111111111111111
22211111111111111111
22211111111111111111
22211111111111111111
11111111111111111311
22222222222222222222
22222222222222222222
22222222222222222222

=== MARKOV MAP 87 ===
DIFICULTAD: EXPERTO
11111111111111111111
11111111111111112221
11311111111111111111
11211111111111111111
12211111111111111111
22211112211111111111
22211112211111111111
22211112211131111111
11111112211111111111
11111112211111111111
11111312211111111111
11111112211111111111
11111112211111111111
11222222221111111112
11222222221111111112
11222222221111111112
11111111111111111111
22222222222222222222
22222222222222222222
22222222222222222222

=== MARKOV MAP 88 ===
DIFICULTAD: DIFICIL
11111111111111111111
11111111111111111111
11111111111111111111
12111111111111111121
22111111111111111221
22111111211111112221
22111111211111112221
22111111211111112221
11111111211111111111
11112221211111111111
11111111213111111111
11111111211111111111
11111111211112111111
21111122222222111111
21111122222222111111
21111122222222111111
11111111111111311111
22222222222222222222
22222222222222222222
22222222222222222222

=== MARKOV MAP 89 ===
DIFICULTAD: FACIL
11111111111111111111
11111111111111111111
11111111111111111111
11111111111111111111
11111111111111111111
11111111111111111111
11111111111111111111
11211111111111111111
11111111111111111111
11111111111111111111
11111111111111111111
11111111111111111111
11111111111111111111
11111111122111111111
11111111122111111111
11111111122111111111
11111111111111111111
22222222222222222222
22222222222222222222
22222222222222222222

=== MARKOV MAP 90 ===
DIFICULTAD: DIFICIL
11111111111111111111
11111111221111111111
11111111111111111111
11111111111111111121
11111111111111111221
11111111111111112221
11111111111111112221
11311111111111112221
31111111111111111111
21111111111112121111
21111111111112121111
21111111111112121111
11111111111111111111
11111111112222222211
11111111112222222211
11111111112222222211
11111111111111111111
22222222222222222222
22222222222222222222
22222222222222222222

=== MARKOV MAP 91 ===
DIFICULTAD: MEDIO
11111111111111111111
11111111111111111111
11111111111111111111
11111111111112111111
11111111111122111111
11111111111222111111
11111111111222111111
11111222211222111112
11111111111111111111
11111111111111111111
11111111111111111111
11111111111111111111
11111111111111111111
11111111111111111111
11111111111111111111
11111111111111111111
31111111111111111111
22222222222222222222
22222222222222222222
22222222222222222222

=== MARKOV MAP 92 ===
DIFICULTAD: MEDIO
11111111111111111111
11111111111111111111
11111111111111111111
11111121111111111111
11111221111111111111
11112221111111111111
11112221111111111111
11112221111111111111
11111111111111111111
11121111111111122211
31121111111111111111
11121111111111111111
11111111111111111112
22222211111111111222
22222211111111111222
22222211111111111222
11111111111111111111
22222222222222222222
22222222222222222222
22222222222222222222

=== MARKOV MAP 93 ===
DIFICULTAD: DIFICIL
11111111111111111111
11111111111111111111
11111111111111111111
11121111111111111111
11221111111111111111
12221111111111111221
12221111111111111221
12221311111111111221
11111111111111111221
21111111111111111221
21111111111111111221
21111111111111111221
11111111111111131221
22211111111222222222
22211111111222222222
22211111111222222222
11111111111111111111
22222222222222222222
22222222222222222222
22222222222222222222

=== MARKOV MAP 94 ===
DIFICULTAD: DIFICIL
11111111111111111111
22211111111111111111
11111111111111111111
11111111111111111111
11111111111111111111
11111111111111111111
11111111111111111111
11111111111111111111
11111111111111111111
11111111111111211111
11111111111111211111
11111111111111211111
11111211111111111113
11122211111122222222
11122211111122222222
11122211111122222222
11111131111111111111
22222222222222222222
22222222222222222222
22222222222222222222

=== MARKOV MAP 95 ===
DIFICULTAD: FACIL
11111111111111111111
11111111111111111111
11111111111111111111
11111111111111211121
11111111111112211221
11111111111122212221
11111111111122212221
11111111111122212221
11111111111111111111
21111111111111111111
11111111111111111111
11111111111111111111
11111111111111111111
22222211111111111111
22222211111111111111
22222211111111111111
11111111111111111111
22222222222222222222
22222222222222222222
22222222222222222222

=== MARKOV MAP 96 ===
DIFICULTAD: MEDIO
11111111111111111111
11111111111111111111
11111111111111111111
11111111111111111111
11111111111111111111
22221111111111111111
22221111111111111111
22221111111111111111
22221111111111111111
22221111111111111112
22221111111111111111
22221111111111111111
22221111211111111111
22222222211111111111
22222222211111111111
22222222211111111111
11111111131111111111
22222222222222222222
22222222222222222222
22222222222222222222

=== MARKOV MAP 97 ===
DIFICULTAD: DIFICIL
11111111111111111111
11111111111111111111
11111111111111111111
11111111111111111111
11111111111111111111
11111111111111111111
11111111111111111111
11111111111111111111
11111111111111111111
21111111111111111111
11111111111111111111
11111111111111111111
11111111111113311111
22222221112222221111
22222221112222221111
22222221112222221111
11111111111111111111
22222222222222222222
22222222222222222222
22222222222222222222

=== MARKOV MAP 98 ===
DIFICULTAD: EXPERTO
11111111111111111111
11111111111111111111
11111111111111111111
11111111111111111111
11111111111111111111
11111111111111111111
11111111111111111111
11111111111111111111
11111111111111111111
11111111111111111111
11111111111111111111
31311111311111111111
22222222221111111122
22222222221111111222
22222222221111111222
22222222221111111222
11111111113111111111
22222222222222222222
22222222222222222222
22222222222222222222

=== MARKOV MAP 99 ===
DIFICULTAD: FACIL
11111111111111111111
22111111111111111111
11111111111111111111
11111111111111211111
11111111111112211111
11111111111122211111
11111111111122211111
11111111111122211111
11111111111111111111
11111111222211111111
11111111222211111111
11111111222211111111
11111111111111111111
11222222222222111122
11222222222222111122
11222222222222111122
11111111111111111111
22222222222222222222
22222222222222222222
22222222222222222222

=== MARKOV MAP 100 ===
DIFICULTAD: EXPERTO
11111111111111111111
11111111111111111111
11111111111111111111
11111111111111111111
11111111111111111111
11111111111111112211
11111111111111112211
11111111111111112211
11111111111111112211
11111222111111112211
11111111111111112211
11111111111111112211
22111111133311112211
22111112222222222222
22111112222222222222
22111112222222222222
11111111111111111111
22222222222222222222
22222222222222222222
22222222222222222222

=== MARKOV MAP 101 ===
DIFICULTAD: EXPERTO
11111111111111111111
22211111111111111111
11111111111111111111
11111111111111111111
11111111111111111111
11111111111111111111
11111111111111111111
11111111111111111111
11111111111111111111
11111111111111111122
11111111111111111122
11111111111111111122
11111131111133311111
11122222111222222222
11122222111222222222
11122222111222222222
11111111111111111111
22222222222222222222
22222222222222222222
22222222222222222222

=== MARKOV MAP 102 ===
DIFICULTAD: FACIL
11111111111111111111
11111111111111111222
11111111111111111111
11111111111111111111
11111111111111111111
11111111111111111111
11111111111111111111
22111111122222111111
11111111111111111111
11111111111111111111
11111111111111111111
11111111111111111111
11111111111111111111
11111111111111111111
11111111111111111111
11111111111111111111
11111111111111111111
22222222222222222222
22222222222222222222
22222222222222222222

=== MARKOV MAP 103 ===
DIFICULTAD: MEDIO
11111111111111111111
11111111111111111111
11111111111111111111
11211121111111111111
12211221111111111111
22212221111111111111
22212221111111111111
22212221111111111111
11111111111111111111
11111111111111111111
11111111111111111111
11111111111111111111
11111111111111111111
22111111111111111111
22111111111111111111
22111111111111111111
11111111111111111113
22222222222222222222
22222222222222222222
22222222222222222222

=== MARKOV MAP 104 ===
DIFICULTAD: EXPERTO
11111111111111111111
11111111111111111111
11111111111111111111
11111111111111111111
11111111111111111111
11111111111111111111
11111111111111111111
11111111111111111111
11111111111111111111
11111111111111111111
11111111111111111111
31131311111111111111
22222222111111111113
22222222111111111122
22222222111111111122
22222222111111111122
11111111311111111111
22222222222222222222
22222222222222222222
22222222222222222222

=== MARKOV MAP 105 ===
DIFICULTAD: EXPERTO
11111111111111111111
11111111111111111111
11111111111131111111
11111111111121111111
11111111111221111111
11111111112221111111
11111111112221111111
11111111212221111111
31111111111111113111
21111111111111222111
21111111111111222111
21111111111111222111
11111111111111111111
11111111111122221111
11111111111122221111
11111111111122221111
11111131111111111111
22222222222222222222
22222222222222222222
22222222222222222222

=== MARKOV MAP 106 ===
DIFICULTAD: DIFICIL
11111111111111111111
11111111111111111111
31111111111111111111
21111111111111111111
21111111111111111111
21111221111111111111
21111221111111111111
21111221111111111111
11111221111111111111
11111221112222221112
11311221112222221112
11111221112222221112
11111221111111111111
22222222222222222222
22222222222222222222
22222222222222222222
11111111111111111111
22222222222222222222
22222222222222222222
22222222222222222222

=== MARKOV MAP 107 ===
DIFICULTAD: EXPERTO
11111111111111111111
11111111111111111111
13111111113111111111
12111111112111111111
22111111122111111112
22111111222111111122
22111111222111111122
22111111222111111122
11113111111111111111
11122111111111122211
11122111111111122211
11122111111111122211
11111111111111111111
12221111112222222222
12221111112222222222
12221111112222222222
11111111111111111111
22222222222222222222
22222222222222222222
22222222222222222222

=== MARKOV MAP 108 ===
DIFICULTAD: DIFICIL
11111111111111111111
11111111111111111111
31111111111111111111
21111111111111111111
21111111111111111111
21111111111111122221
21111111111111122221
21111111111111122221
11111111111111122221
11111111111111122221
11111111111111122221
11111111111111122221
11111111111111122221
22221111111112222222
22221111111112222222
22221111111112222222
11111111111311111111
22222222222222222222
22222222222222222222
22222222222222222222

=== MARKOV MAP 109 ===
DIFICULTAD: DIFICIL
11111111111111111111
11111111111111111111
11111111111111111111
11111111111111111111
11111111111111111111
11111111111111111111
11111111111111111111
11111111111111111111
11111111111111111111
21111111111111111111
21111111111111111111
21131111111111111111
11222111111111111111
22222111121111111111
22222111121111111111
22222111121111111111
11111131111111111111
22222222222222222222
22222222222222222222
22222222222222222222

=== MARKOV MAP 110 ===
DIFICULTAD: MEDIO
11111111111111111111
11111111111111111111
11111111111111111111
11111111111111111111
11111111111111111111
11111111111111111111
11111111111111111111
11111111111111111111
11111111111111111111
22221112111111111111
22221112111111111111
22221112111111113111
11111111111111122211
22222222222222222211
22222222222222222211
22222222222222222211
11111111111111111111
22222222222222222222
22222222222222222222
22222222222222222222

=== MARKOV MAP 111 ===
DIFICULTAD: MEDIO
11111111111111111111
11111111111111111111
11111111111113111111
11111111111112111111
11111111111122111111
11111111111222122222
11111111111222122222
22222221111222122222
11111111111111122222
11111111111111122222
11111111111111122222
11111111111111122222
11111111111111122222
11111111111112222222
11111111111112222222
11111111111112222222
11111111111111111111
22222222222222222222
22222222222222222222
22222222222222222222

=== MARKOV MAP 112 ===
DIFICULTAD: EXPERTO
11111111111111111111
11111111111111111111
11111111111111113111
11111111111111112111
11111111111111122111
22111111111111222111
22111111111111222111
22111111111111222111
22111111111111111111
22111111111111111111
22111111111111111111
22111113113111111111
22111222222211111111
22222222222211112222
22222222222211112222
22222222222211112222
11111111111131111111
22222222222222222222
22222222222222222222
22222222222222222222

=== MARKOV MAP 113 ===
DIFICULTAD: EXPERTO
11111111111111111111
11111111111111111111
11111111111111111111
11111111111112111111
11111111111122111111
11111111111222111111
11111111111222111111
31111111111222111111
11111111111111111111
11111111111111111111
11111111111111111111
11111111111111111111
11111111111111111111
11111111111111111111
11111111111111111111
11111111111111111111
11111313111111111111
22222222222222222222
22222222222222222222
22222222222222222222

=== MARKOV MAP 114 ===
DIFICULTAD: EXPERTO
11111111111111111111
11111111111111111111
11111111111113111111
11211111111112111111
12211111111122111111
22211111111222111111
22211111111222111111
22211111111222111111
11111111111111111111
11112221111111111111
11111111111111111111
11111111111111111311
11111111211111112222
22111122211112222222
22111122211112222222
22111122211112222222
11111111131111111111
22222222222222222222
22222222222222222222
22222222222222222222

=== MARKOV MAP 115 ===
DIFICULTAD: FACIL
11111111111111111111
11111111111111111111
11111111111111111111
11121111121111111111
11221111221111111111
12221112221111111111
12221112221111111111
12221112221111111111
11111111111111111111
21111111111111111111
21111111111111111111
21111111111111111111
11111111111111111111
22211111111111111111
22211111111111111111
22211111111111111111
11111111111111111111
22222222222222222222
22222222222222222222
22222222222222222222

=== MARKOV MAP 116 ===
DIFICULTAD: EXPERTO
11111111111111111111
11111111111111111111
11111111111131111111
11111111111121111111
11111111111221111111
11111111112221111111
11111111112221111111
11311111312221111111
31111111111111111111
21111111111111111221
21111111111111111221
21111111111111111221
11111111111111111111
11111111111122222222
11111111111122222222
11111111111122222222
11111111111111111111
22222222222222222222
22222222222222222222
22222222222222222222

=== MARKOV MAP 117 ===
DIFICULTAD: EXPERTO
11111111111111111111
11111111111111111111
11311111111311111111
11211111111211111111
12211111112211111111
22211111122211112211
22211111122211112211
22211111122211112211
11111111111111112211
11111111111111112211
11111111111111112211
11111311111111112211
11112221111111112211
11222221111222222222
11222221111222222222
11222221111222222222
11111111111111111111
22222222222222222222
22222222222222222222
22222222222222222222

=== MARKOV MAP 118 ===
DIFICULTAD: DIFICIL
11111111111111111111
11111111111111111122
11111111111111111111
11111111111111111111
11111111111111111111
11111111111111111111
11111111111111111111
22131111111111111111
11111111111113111111
11111111111122111111
11111111111122111111
11111111111122111111
11111111111111111111
11111111111221111111
11111111111221111111
11111111111221111111
11111111111111111111
22222222222222222222
22222222222222222222
22222222222222222222

=== MARKOV MAP 119 ===
DIFICULTAD: DIFICIL
11111111111111111111
11111111111111111111
11111111111311111111
11111111111211111111
11111111112211111111
11111111122211111111
11111111122211111111
11111111122211111111
11131111111111111111
12221111111111111112
12221111111111111112
12221111111111111112
11111111111111111111
22211111111222112222
22211111111222112222
22211111111222112222
11111111111111111111
22222222222222222222
22222222222222222222
22222222222222222222

=== MARKOV MAP 120 ===
DIFICULTAD: MEDIO
11111111111111111111
21111111111111111111
11111111111111111111
11111112111111111111
11111122111111111111
11111222111111111111
11111222111111111111
11111222111111111111
11111111111111111113
11222111111111221222
11222111111111111222
11222111111111111222
11111111111111111111
12222221111111122221
12222221111111122221
12222221111111122221
11111111111111111111
22222222222222222222
22222222222222222222
22222222222222222222

=== MARKOV MAP 121 ===
DIFICULTAD: MEDIO
11111111111111111111
11111111111111111111
11111111111111111111
11111111211111111111
11111112211111111111
11111122211122111111
11111122211122111111
11111122211122111111
11111111111122111111
11111111111122111111
11111111111122111311
11111111111122111111
11111111111122111111
11111111112222222222
11111111112222222222
11111111112222222222
11111111111111111111
22222222222222222222
22222222222222222222
22222222222222222222

=== MARKOV MAP 122 ===
DIFICULTAD: FACIL
11111111111111111111
11122222211111111111
11111111111111111111
11111111111111111111
11111111111111111111
11111111111111111111
11111111111111111111
11111111111111111111
11111111111111111111
11111111111111221111
11111111111111221111
11111111111111221111
11111111111111111111
11111111122222222222
11111111122222222222
11111111122222222222
11111111111111111111
22222222222222222222
22222222222222222222
22222222222222222222

=== MARKOV MAP 123 ===
DIFICULTAD: EXPERTO
11111111111111111111
11111111111111111111
11111111111111111111
11111112111111111111
11111122111111111111
11111222111111111111
11111222111111111111
11111222111111111111
11111111111111111111
11111111111111111111
11111111111113111111
11111111111111111111
11111111111111112111
11111111111222222111
11111111111222222111
11111111111222222111
31111111131111111311
22222222222222222222
22222222222222222222
22222222222222222222

=== MARKOV MAP 124 ===
DIFICULTAD: MEDIO
11111111111111111111
11111111111111111111
11111111111111111111
11111111111111111111
11111111111111111111
11111111111111111111
11111111111111111111
31111111111111111111
11111111111111111111
11111111111111111111
11111111111111111111
11111111111111111111
11111111111111111111
11111111111111111111
11111111111111111111
11111111111111111111
11111111111111111111
22222222222222222222
22222222222222222222
22222222222222222222

=== MARKOV MAP 125 ===
DIFICULTAD: DIFICIL
11111111111111111111
11111122222221111111
11111111111111111111
12111111111111111111
22111111111111111111
22111111111111111111
22111111111111111111
22111111111111111113
11111111111111111111
11111111111111111111
11111111111111111111
11111111111111111111
11111111111111121111
21111111111112221111
21111111111112221111
21111111111112221111
11111111111111113111
22222222222222222222
22222222222222222222
22222222222222222222

=== MARKOV MAP 126 ===
DIFICULTAD: EXPERTO
11111111111111111111
11111111111111111111
11111111111111111111
11111111111111111111
11111111111111111111
11111111111111111111
11111111111111111111
11111111111111111111
11111111111111111111
11111111111111111122
11111111111111111111
13131111111111111111
22222111111111111111
22222111111111111111
22222111111111111111
22222111111111111111
11111311111111111111
22222222222222222222
22222222222222222222
22222222222222222222

=== MARKOV MAP 127 ===
DIFICULTAD: EXPERTO
11111111111111111111
11112111111111111111
11111111111111111111
11111111111111111111
11111111111111111111
11111111111111111111
11111111111111111111
31111111111311131111
11111111111111111111
11111111111111111111
11111111111111111111
11111111111111111111
11111111111111111111
11111211111111111112
11111211111111111112
11111211111111111112
11111111111111111111
22222222222222222222
22222222222222222222
22222222222222222222

=== MARKOV MAP 128 ===
DIFICULTAD: FACIL
11111111111111111111
11111111111112222222
11111111111111111111
21111111111111111111
21111111111111111111
21111111111111111111
21111111111111111111
21111111111111111111
11111111111111111111
11111111111111111111
11111111111111111111
11111111111111111111
11111111111111111111
11111111111111111111
11111111111111111111
11111111111111111111
11111111111111111111
22222222222222222222
22222222222222222222
22222222222222222222

=== MARKOV MAP 129 ===
DIFICULTAD: MEDIO
11111111111111111111
11111112111111111122
11111111111111111111
11111211111111111111
11112211111111111111
11122211111111111111
11122211111111111111
11122211111111111111
31111111111111111111
21111111111111111111
21111111111111111111
21111111111111111111
11111111111111111111
11111111221111111111
11111111221111111111
11111111221111111111
11111111111111111111
22222222222222222222
22222222222222222222
22222222222222222222

=== MARKOV MAP 130 ===
DIFICULTAD: EXPERTO
11111111111111111111
11111111111111111111
11111111111111111111
11111111111111111121
11111111111111111221
11111111111111112221
11111111111111112221
11111111111111112221
11111111111111111111
11111111111122121111
11111111111111121111
31311111111111121111
22221111111111111111
22221111111112222211
22221111111112222211
22221111111112222211
11111111131111111111
22222222222222222222
22222222222222222222
22222222222222222222

=== MARKOV MAP 131 ===
DIFICULTAD: EXPERTO
11111111111111111111
11111111111111111111
11111111111111113111
11111111111111112111
11111111111111122111
11111111111111222111
11111111111111222111
11111111113111222111
11111111111111111111
11222111111111111111
31222111111111111111
11222111111111111111
11111111111111111131
22222211111111112222
22222211111111112222
22222211111111112222
11111111111111111111
22222222222222222222
22222222222222222222
22222222222222222222

=== MARKOV MAP 132 ===
DIFICULTAD: EXPERTO
11111111111111111111
11111111111111111111
11111111111111111111
11111111111111111111
11111111111111111111
11111111111111221111
11111111111111221111
11111111111111221111
11111111111111221111
11111111111111221111
11113113131131221111
11111111111111221131
21111111111111221222
21222222222222222222
21222222222222222222
21222222222222222222
11111111111111111111
22222222222222222222
22222222222222222222
22222222222222222222

=== MARKOV MAP 133 ===
DIFICULTAD: MEDIO
11111111111111111111
11111111111111111111
11111111111111111111
11111112111111111111
11111122111111111111
11111222111111111111
11111222111111111111
11111222111111111111
11111111111111111111
11112111111111212221
31112111111111212221
11112111111111212221
11111111111111111111
22222221111122222222
22222221111122222222
22222221111122222222
11111111111111111111
22222222222222222222
22222222222222222222
22222222222222222222

=== MARKOV MAP 134 ===
DIFICULTAD: MEDIO
11111111111111111111
11111111111111111111
11111111111111111111
11111121111111121111
11111221111111221111
11112221111112221111
11112221111112221111
11112221111112221111
11111111111111111111
11221111111221111112
31221111111221111111
11221111111221111111
11111111111111111111
22222211122222211111
22222211122222211111
22222211122222211111
11111111111111111111
22222222222222222222
22222222222222222222
22222222222222222222

=== MARKOV MAP 135 ===
DIFICULTAD: DIFICIL
11111111111111111111
11111111111111111111
11111111111111111111
11111111111111111111
11111111111111111111
21121111111111111111
21121111111111111111
21121111111311111111
21121111311111111111
21121122211111111111
21121122211111111111
21121122211111111111
21121111111111111111
22222222111111111111
22222222111111111111
22222222111111111111
11111111111111111111
22222222222222222222
22222222222222222222
22222222222222222222

=== MARKOV MAP 136 ===
DIFICULTAD: EXPERTO
11111111111111111111
11111111111111111111
11111111131111111111
21111111121111111111
21111111221111111111
21111112221111111111
21111112221111111111
21111112221111111111
11111111111111111111
11111111111111111111
11111111111111111111
11111111111111111111
11111111111111331222
11111111122222222222
11111111122222222222
11111111122222222222
11111111111111111111
22222222222222222222
22222222222222222222
22222222222222222222

=== MARKOV MAP 137 ===
DIFICULTAD: MEDIO
11111111111111111111
11111111111111111111
11111111111111111111
11111111111111111111
11111111111111111111
21211111111111111111
21211111111111111111
21211111111111111111
21211111111111111111
21211111111111111111
21211113111111111111
21211111111111111111
21211111111111111111
22222222222221111111
22222222222221111111
22222222222221111111
11111111111111111111
22222222222222222222
22222222222222222222
22222222222222222222

=== MARKOV MAP 138 ===
DIFICULTAD: DIFICIL
11111111111111111111
11111111111111111111
11131111111111111111
11121111111111121111
11221111111111221111
12221111111112221111
12221111111112221111
12221111111112221111
11111111111111111111
11111111112121111111
11111111112121111111
11111111112121111111
11111311111111111111
11122222222222211111
11122222222222211111
11122222222222211111
11111111111111111111
22222222222222222222
22222222222222222222
22222222222222222222

=== MARKOV MAP 139 ===
DIFICULTAD: EXPERTO
11111111111111111111
11111111111111111111
11111111111111111111
11111111111111111111
11111111111111111111
11111111111111111111
11111111111111111111
11111111111111111111
11111111111111111111
22211111211111211111
22211111211111211111
22211111211111211111
11113311113111111121
22222222222222222221
22222222222222222221
22222222222222222221
11111111111111111113
22222222222222222222
22222222222222222222
22222222222222222222

=== MARKOV MAP 140 ===
DIFICULTAD: MEDIO
11111111111111111111
21111111111222211111
11111111111111111111
11111111111111111111
11111111111111111111
11111111111111111111
11111111111111111111
11111111111111111111
11111111131111111111
11112112221111111222
11112112221111111222
11112112221111111222
11111111111111111111
12222222211111122222
12222222211111122222
12222222211111122222
11111111111111111111
22222222222222222222
22222222222222222222
22222222222222222222

=== MARKOV MAP 141 ===
DIFICULTAD: EXPERTO
11111111111111111111
11111111121111111111
11111111111111111111
11111112111111111111
11111122111111111111
11111222111111111111
11111222111111111111
11111222111111111111
11111111111111111131
11122111111111112221
11122111111111112221
11122111111111112221
33111111111111111111
22222221112222222211
22222221112222222211
22222221112222222211
11111111111111111111
22222222222222222222
22222222222222222222
22222222222222222222

=== MARKOV MAP 142 ===
DIFICULTAD: FACIL
11111111111111111111
11111111122111111111
11111111111111111111
11111111111111111111
11111111111111111111
11111111111122222111
11111111111122222111
11111111111122222111
11111111111122222111
22221111111122222121
11111111111122222121
11111111111122222121
11111111111122222111
11122222111222222222
11122222111222222222
11122222111222222222
11111111111111111111
22222222222222222222
22222222222222222222
22222222222222222222

=== MARKOV MAP 143 ===
DIFICULTAD: EXPERTO
11111111111111111111
11111111111111111111
11111111111111111111
11111111111111111111
11111111111111111111
11111111111111111111
11111111111111111111
11111111111111111111
11111111111111111111
21111222111111111111
21111222111111111111
21111222113113131311
11111111122222222221
22222222222222222221
22222222222222222221
22222222222222222221
11111111111111111113
22222222222222222222
22222222222222222222
22222222222222222222

=== MARKOV MAP 144 ===
DIFICULTAD: MEDIO
11111111111111111111
22222222222111111111
11111111111111111111
11111111111111111111
11111111111111111111
11111111111111111111
11111111111111111111
11111111111111111111
11111111111111111111
11111111111111111222
11111111111111131222
11111111111111111222
11111111111111111111
11111111111222222222
11111111111222222222
11111111111222222222
11111111111111111111
22222222222222222222
22222222222222222222
22222222222222222222

=== MARKOV MAP 145 ===
DIFICULTAD: MEDIO
11111111111111111111
11111111111111111111
31111111111111111111
21111112111111111111
21111122111111111111
21111222111111111111
21111222111111111111
21111222112222211111
11111111111111111111
11112111111111111111
11112111111111111111
11112111111111111111
11111111111111111111
22222221111111111111
22222221111111111111
22222221111111111111
11111111111111111111
22222222222222222222
22222222222222222222
22222222222222222222

=== MARKOV MAP 146 ===
DIFICULTAD: EXPERTO
11111111111111111111
11111111111111111111
11111111111111111111
11111111111111111111
11111111111111111111
11111111111111112211
11111111111111112211
11111111311111112211
11111111111111112211
11111111111111112212
11111111111111112212
11311111111111112212
22222111111111112211
22222111111111222222
22222111111111222222
22222111111111222222
11111311111111111111
22222222222222222222
22222222222222222222
22222222222222222222

=== MARKOV MAP 147 ===
DIFICULTAD: DIFICIL
11111111111111111111
11111111111111111111
11111111111111111111
11211111111111111211
12211111111111112211
22211111111111122211
22211111111111122211
22211311111122122211
11111111111111111111
11111111111111111111
11111111111111111111
11111111111111111111
11111111111111111111
22111111111111111111
22111111111111111111
22111111111111111111
11111111113111111111
22222222222222222222
22222222222222222222
22222222222222222222

=== MARKOV MAP 148 ===
DIFICULTAD: DIFICIL
11111111111111111111
11111111111111111111
11111111111111111111
11111121111111111111
11111221111111111112
11112221111111111122
11112221111111111122
11112221111111131122
11111111111111111111
11221111111111111111
11221111111111111111
11221111111111111111
31111111111111111111
22222211111111111111
22222211111111111111
22222211111111111111
11111111111111111111
22222222222222222222
22222222222222222222
22222222222222222222

=== MARKOV MAP 149 ===
DIFICULTAD: EXPERTO
11111111111111111111
11111111111122221111
11111111111111111111
11111111111111111111
11111111111111111111
11111111111111111111
11111111111111111111
11111111111111111111
11111111111111111111
11111111111111111111
11111111111111111311
11113113111111111111
22222222211111111111
22222222211111112222
22222222211111112222
22222222211111112222
11111111111111111111
22222222222222222222
22222222222222222222
22222222222222222222

=== MARKOV MAP 150 ===
DIFICULTAD: MEDIO
11111111111111111111
11111111111111111111
11111111111111111111
12111111211111111111
22111112211111111111
22111122211111111111
22111122211111111111
22111122211112111111
11111111111111111111
11111111111111111111
11111111111111111111
11111111111111111111
11111111111111111111
11111111111111111111
11111111111111111111
11111111111111111111
11111111113111111111
22222222222222222222
22222222222222222222
22222222222222222222

=== MARKOV MAP 151 ===
DIFICULTAD: EXPERTO
11111111111111111111
11111111111111111111
11111111111111111111
11111111111111111111
11111111111111111111
11111111111111111111
11111111111111111111
11111111111111111111
11111111111111111111
11111111111111111111
11111111131131111111
31311111111111111111
22221111111111111111
22221122222222222222
22221122222222222222
22221122222222222222
11113111111111111111
22222222222222222222
22222222222222222222
22222222222222222222

=== MARKOV MAP 152 ===
DIFICULTAD: DIFICIL
11111111111111111111
11111111111111111111
11111111111111111111
11211111111111111111
12211111111111111111
22211111111111111111
22211111111111111111
22211111111111111113
11111111111111111111
11111112222111111111
11111111111111131111
11111111111111111111
11111111111111111211
22111111112222222211
22111111112222222211
22111111112222222211
11111111111111111111
22222222222222222222
22222222222222222222
22222222222222222222

=== MARKOV MAP 153 ===
DIFICULTAD: DIFICIL
11111111111111111111
11111111111111111112
11111111111111111111
11111111111111111111
11111111111111111111
11111111111111111111
11111111111111111111
11111111111111111111
11111131111111111111
22222221111111111111
22222221111111111111
22222221111111111111
11111111111111111111
22222211111111111111
22222211111111111111
22222211111111111111
11111111111111131111
22222222222222222222
22222222222222222222
22222222222222222222

=== MARKOV MAP 154 ===
DIFICULTAD: MEDIO
11111111111111111111
11111111111111111111
11111111111111111111
11111111121111111111
11111111221111111111
11111112221111111111
11111112221111111111
11111112221111111111
11111111111111111111
22111121111111122222
11111121111111122222
11111121111111122222
11113111111111111111
12222222211111222222
12222222211111222222
12222222211111222222
11111111111111111111
22222222222222222222
22222222222222222222
22222222222222222222

=== MARKOV MAP 155 ===
DIFICULTAD: EXPERTO
11111111111111111111
11111111111222221111
13111111111111111111
12111111111111111111
22111111111111111111
22111111111111111111
22111111111111111111
22111111311111111111
11111111111111111111
11111111111111111111
11111111111111111111
11111111111111111111
11112211111111111331
12222211111111112222
12222211111111112222
12222211111111112222
11111131111111111111
22222222222222222222
22222222222222222222
22222222222222222222

=== MARKOV MAP 156 ===
DIFICULTAD: DIFICIL
11111111111111111111
11111111111111111111
11111113111111111111
11211112111111111111
12211122111111111111
22211222111111111111
22211222111111111111
22211222111111111111
11111111111111111111
11111111111111111111
11111111111111111111
11111111111111111111
11111111111111111111
22111112222111122111
22111112222111122111
22111112222111122111
11111111111131111111
22222222222222222222
22222222222222222222
22222222222222222222

=== MARKOV MAP 157 ===
DIFICULTAD: EXPERTO
11111111111111111111
11111111111111111111
11311111111111111111
11211111111111111111
12211111111111111111
22211111111111111111
22211111111111111111
22211111111111111111
11111111111111111111
11111111111111111111
11113111111111111313
11111111111111111111
11111133331111111111
11222222222222222222
11222222222222222222
11222222222222222222
11111111111111111111
22222222222222222222
22222222222222222222
22222222222222222222

=== MARKOV MAP 158 ===
DIFICULTAD: EXPERTO
11111111111111111111
11111111111111111111
11111111111111111111
11111111111111111111
11111111111111111111
11111111111111111111
11111111111111111111
11111111111111111111
11111111111111111111
21111111111111111111
11111111111111111111
11111111111113131311
11111111112222222222
22222222222222222222
22222222222222222222
22222222222222222222
11111111111111111111
22222222222222222222
22222222222222222222
22222222222222222222

=== MARKOV MAP 159 ===
DIFICULTAD: MEDIO
11111111111111111111
11111111111111111122
11111111111111111111
11111111111111111111
11111111111111111111
11111111111111111111
11111111111111111111
31111111111111111111
11111111111111111111
11111111111111111111
11111111111111111111
11111111111111111111
11111111111111111111
11111111111111111111
11111111111111111111
11111111111111111111
11111111111111111111
22222222222222222222
22222222222222222222
22222222222222222222

=== MARKOV MAP 160 ===
DIFICULTAD: DIFICIL
11111111111111111111
11111111111111111111
13111111111111111111
12111111111111111111
22111111111111111111
22111122111111111111
22111122111111111111
22111122111111111111
11111122111111111111
11111122111111111111
11131122111111111111
11111122111111111111
11111122112221111111
12222222222221111111
12222222222221111111
12222222222221111111
11111111111111111111
22222222222222222222
22222222222222222222
22222222222222222222

=== MARKOV MAP 161 ===
DIFICULTAD: EXPERTO
11111111111111111111
11111111111111111111
11111111111111111111
11111111111111111111
11111111111111111111
21111111111111111111
21111111111111111111
21111111111111111111
21111111111111111111
21111112221111111111
21111112221111111111
21111112221111313113
21111111111112222222
22222222222222222222
22222222222222222222
22222222222222222222
11111111111111111111
22222222222222222222
22222222222222222222
22222222222222222222

=== MARKOV MAP 162 ===
DIFICULTAD: MEDIO
11111111111111111111
11111111111111222211
11111111111111111111
11111111111111111111
11111111111111111111
11111111111111111111
11111111111111111111
11111111111111111111
11111111111111111111
11111111111111111111
11111111111111111111
11111111111111111111
31122111111111111111
22222111111111111122
22222111111111111122
22222111111111111122
11111111111111111111
22222222222222222222
22222222222222222222
22222222222222222222

=== MARKOV MAP 163 ===
DIFICULTAD: MEDIO
11111111111111111111
11111111111111111111
11111111111111111111
12111111111121111111
22111111111221111111
22111111112221111111
22111111112221111111
22111111112221111111
11111111111111111111
11111111121111111111
11111111121111111111
11111111121111111111
11111111111111111111
21111111222211111111
21111111222211111111
21111111222211111111
11113111111111111111
22222222222222222222
22222222222222222222
22222222222222222222

=== MARKOV MAP 164 ===
DIFICULTAD: EXPERTO
11111111111111111111
11111111111111111111
11111111111111111111
11111111111111111111
11111111111111111111
11111111111111111111
11111111111111111111
11111111222213131111
11111111111111111111
11111111111111111111
11111111111111111111
11111111111111111111
11111111111111111111
11111111111111111111
11111111111111111111
11111111111111111111
31111111111111111113
22222222222222222222
22222222222222222222
22222222222222222222

=== MARKOV MAP 165 ===
DIFICULTAD: MEDIO
11111111111111111111
11111111111211111111
11111111111111111111
11111111111111111111
11111111111111111111
11111111111111111111
11111111111111111111
11111111111111111111
11111111111111111111
11111111111111111111
11111111111111111111
11111111111111111111
22211111111111111111
22211111111122222211
22211111111122222211
22211111111122222211
11111111131111111111
22222222222222222222
22222222222222222222
22222222222222222222

=== MARKOV MAP 166 ===
DIFICULTAD: MEDIO
11111111111111111111
11111111111111111111
11111111111111111111
11111111112111111111
11111111122111111111
11111111222111111111
11111111222111111111
21111111222111111111
11111111111111113111
11111111111111222122
11111111111111222111
11111111111111222111
11111111111111111111
11111111111112221112
11111111111112221112
11111111111112221112
11111111111111111111
22222222222222222222
22222222222222222222
22222222222222222222

=== MARKOV MAP 167 ===
DIFICULTAD: FACIL
11111111111111111111
11111111111111111111
11111111111111111111
11111111111211111111
11111111112211111111
11111111122211111112
11111111122211111112
11111111122211111112
11111111111111111111
21111122211111112221
11111122211111112221
11111122211111112221
11111111111111111111
22222222222111122222
22222222222111122222
22222222222111122222
11111111111111111111
22222222222222222222
22222222222222222222
22222222222222222222

=== MARKOV MAP 168 ===
DIFICULTAD: DIFICIL
11111111111111111111
11111111111111111111
11111111111111111111
11111111111111111111
11111111111111111111
11111111111111111111
11111111111111111111
11111111111111111111
11111111111111111111
11111111111111111111
11111111111111111111
11111111113111111111
21111111122211111111
21111111222211111111
21111111222211111111
21111111222211111111
11111111111131111111
22222222222222222222
22222222222222222222
22222222222222222222

=== MARKOV MAP 169 ===
DIFICULTAD: EXPERTO
11111111111111111111
11122221111111111111
11111111111111111111
11111111111111111111
11111111111111111111
11111111111111112111
11111111111111112111
21111111113111112111
11111111111111112111
11111111111111112111
11111111111111112111
11111111111111112111
11111111211113312111
11111112211122222222
11111112211122222222
11111112211122222222
11111111111111111111
22222222222222222222
22222222222222222222
22222222222222222222

=== MARKOV MAP 170 ===
DIFICULTAD: FACIL
11111111111111111111
22211111111111111111
11111111111111111111
11111111111111111111
11111111111111111112
11112111111111111122
11112111111111111122
11112111111111111122
11112111111111111111
11112111111112212211
11112111111112212211
11112111111112212211
11112111111111111111
11122222222222222222
11122222222222222222
11122222222222222222
11111111111111111111
22222222222222222222
22222222222222222222
22222222222222222222

=== MARKOV MAP 171 ===
DIFICULTAD: FACIL
11111111111111111111
21111111111111111111
11111111111111111111
11111111111111112111
11111111111111122111
11111111111111222111
11111111111111222111
11111111111111222111
11111111111111111111
11111111111112111111
11111111111112111111
11111111111112111111
11121111111111111111
12221111112222221111
12221111112222221111
12221111112222221111
11111111111111111111
22222222222222222222
22222222222222222222
22222222222222222222

=== MARKOV MAP 172 ===
DIFICULTAD: DIFICIL
11111111111111111111
11111111111111111111
11111111111111111111
11211111111111111111
12211111111111111112
22211111111111111122
22211111111111111122
22211222111131111122
11111111111111111111
11111111111111111111
11111111111111111111
11111111111111111111
11111111111111121111
22111111111111221111
22111111111111221111
22111111111111221111
11111111111111113111
22222222222222222222
22222222222222222222
22222222222222222222

=== MARKOV MAP 173 ===
DIFICULTAD: DIFICIL
11111111111111111111
11111111111111111111
11111111111111111111
11111111111111111111
11111111111111111111
11111111111111111111
11111111111111111111
11111111111111111111
11111111111111111111
11111111111111111111
11111111111111111113
13111111111111111111
22222211111111111111
22222211111111111222
22222211111111111222
22222211111111111222
11111111111111111111
22222222222222222222
22222222222222222222
22222222222222222222

=== MARKOV MAP 174 ===
DIFICULTAD: DIFICIL
11111111111111111111
11111111111111111111
11111111111111111111
11111111111111111111
11111111111111111111
11111111111111111111
11111111111111111111
11122221111111111111
31111111111111111111
21111111111111111122
21111111111111111111
21111111111111111111
11111111112111111111
11111111222111111111
11111111222111111111
11111111222111111111
11111111111111131111
22222222222222222222
22222222222222222222
22222222222222222222

=== MARKOV MAP 175 ===
DIFICULTAD: MEDIO
11111111111111111111
11111111111111111111
11111111111111111111
12111111111111111112
22111111111111111122
22111111111111111222
22111111111111111222
22111111111113111222
11111111111111111111
11111111111111111111
11111111111111111111
11111111111111111111
11111222111111111111
21122222111111111111
21122222111111111111
21122222111111111111
11111111111111111111
22222222222222222222
22222222222222222222
22222222222222222222

=== MARKOV MAP 176 ===
DIFICULTAD: FACIL
11111111111111111111
11111111111111111111
11111111111111111111
11211111111111111111
12211111111111111111
22211111111111111111
22211111111111111111
22211111111111111111
11111111111111111111
11111111111111221111
11111111111111111111
11111111111111111111
11111111111121111122
22111122222221122222
22111122222221122222
22111122222221122222
11111111111111111111
22222222222222222222
22222222222222222222
22222222222222222222

=== MARKOV MAP 177 ===
DIFICULTAD: MEDIO
11111111111111111111
11111111111111111111
11111111111111111111
11111111111111111111
11111111111111111111
11111111111111111111
11111111111111111111
11111111111111111111
11111111111111111111
11111111111111111111
31111111111111111111
11111111111111111111
11111111111111122111
22111111111122222111
22111111111122222111
22111111111122222111
11111111111111111111
22222222222222222222
22222222222222222222
22222222222222222222

=== MARKOV MAP 178 ===
DIFICULTAD: MEDIO
11111111111111111111
11111111111111111111
11111111111111111111
11121111111111111211
11221111111111112211
12221111111111122211
12221111111111122211
12221111111111122211
11111111111111111111
11111111111111211111
11111111111111211111
11111111111111211111
11111111111131111111
11111111112222222112
11111111112222222112
11111111112222222112
11111111111111111111
22222222222222222222
22222222222222222222
22222222222222222222

=== MARKOV MAP 179 ===
DIFICULTAD: DIFICIL
11111111111111111111
11111111111111111111
11111111111111111111
11111111111111111111
11111111111111111111
11111111111111111111
11111111111111111111
11111311111131111111
11111111111111111111
11111111111111112221
11111111111111112221
11111111111111112221
11111111111111111111
11111111111111122222
11111111111111122222
11111111111111122222
11111111111111111111
22222222222222222222
22222222222222222222
22222222222222222222

=== MARKOV MAP 180 ===
DIFICULTAD: EXPERTO
11111111111111111111
11111111111111111111
11111111111111131111
11111111111111121111
11111111111111221111
11111111111112221111
11111111111112221111
21131111111112221111
11111111111311111111
11111222212211111211
11111111112211111211
11111111112211111211
11111111111111111111
11111111222111122221
11111111222111122221
11111111222111122221
11111111111111111111
22222222222222222222
22222222222222222222
22222222222222222222

=== MARKOV MAP 181 ===
DIFICULTAD: MEDIO
11111111111111111111
11111111111111111111
11111111111111111111
11111111111211111111
11111111112211111112
11111111122211111122
11111111122211111122
11122221122211111122
31111111111111111111
21111111111111111111
21111111111111111111
21111111111111111111
11111111111111111111
11111111111111111111
11111111111111111111
11111111111111111111
11111111111111111111
22222222222222222222
22222222222222222222
22222222222222222222

=== MARKOV MAP 182 ===
DIFICULTAD: EXPERTO
11111111111111111111
11111111111111111111
11111111111111111111
11111111111111111111
11111111111111111111
11111111111111111111
11111111111111111111
11111111111111111111
11111111111111111111
11111111111111111111
31111111111111111111
11111113113111111111
11111122222211111111
22222222222211111122
22222222222211111122
22222222222211111122
11111111111111111111
22222222222222222222
22222222222222222222
22222222222222222222

=== MARKOV MAP 183 ===
DIFICULTAD: DIFICIL
11111111111111111111
11111111111111111111
11111111111111111111
11111111111111111111
11111111111111111111
11111111111111111111
11111111111111111111
31111111111111111111
11111111111111111111
11111111111111111111
11111111111111111111
11111111111111111111
11111111111121111111
11111111222221111111
11111111222221111111
11111111222221111111
11111111111113111111
22222222222222222222
22222222222222222222
22222222222222222222

=== MARKOV MAP 184 ===
DIFICULTAD: MEDIO
11111111111111111111
11111111111111111111
13111111111111111111
12111111111121111111
22111111111221111111
22111111112221111111
22111111112221111111
22111111112221111111
11111111111111111111
11112222121111111111
11112222121111111111
11112222121111111111
11111111111111111111
12222222222211111111
12222222222211111111
12222222222211111111
11111111111111111111
22222222222222222222
22222222222222222222
22222222222222222222

=== MARKOV MAP 185 ===
DIFICULTAD: MEDIO
11111111111111111111
11111111111211111111
11111111111111111111
11111111111111111211
11111111111111112211
11111111111111122211
11111111111111122211
22211111111111122211
11111111111111111111
11111111111112211111
11111111111112211111
11111111111112211111
11111111111111111111
11111111111122222111
11111111111122222111
11111111111122222111
11111311111111111111
22222222222222222222
22222222222222222222
22222222222222222222

=== MARKOV MAP 186 ===
DIFICULTAD: MEDIO
11111111111111111111
11111111111111111111
11111111111111111111
11111111111111111111
11111111111111111111
11111111111111111112
11111111111111111112
22111222222111111112
11111111111111111112
11111111111111111112
11111111111111111112
11111111111111111112
11111111111111131112
11111111111122222222
11111111111122222222
11111111111122222222
11111111111111111111
22222222222222222222
22222222222222222222
22222222222222222222

=== MARKOV MAP 187 ===
DIFICULTAD: EXPERTO
11111111111111111111
11111111111111111111
11111111111111111111
11112111111111111111
11122111111111111111
11222111111111111111
11222111111111111111
11222111111111111111
31111111111111111111
21111111221111111111
21111111111111111111
21111111111111111111
11111111111122111111
11111111122222111111
11111111122222111111
11111111122222111111
11111111111111311113
22222222222222222222
22222222222222222222
22222222222222222222

=== MARKOV MAP 188 ===
DIFICULTAD: FACIL
11111111111111111111
11111111111111111111
11111111111111111111
11111111111111111111
11111111111111111111
11111111111111111111
11111111111111111111
22222222222111111111
11111111111111111111
11111111111111111122
11111111111111111122
11111111111111111122
11111111111111111111
11111111111111122222
11111111111111122222
11111111111111122222
11111111111111111111
22222222222222222222
22222222222222222222
22222222222222222222

=== MARKOV MAP 189 ===
DIFICULTAD: MEDIO
11111111111111111111
11111111111111111111
11111111111111111111
11111111111111111111
11111111111111111111
11111111111111111111
11111111111111111111
11111111111111111111
11111111111111111111
22211111111122111111
11111111111111111111
11111111111111111131
11111111111111122222
11221111111112222222
11221111111112222222
11221111111112222222
11111111111111111111
22222222222222222222
22222222222222222222
22222222222222222222

=== MARKOV MAP 190 ===
DIFICULTAD: FACIL
11111111111111111111
11111111111111111111
11111111111111111111
12111111111111121111
22111111111111221111
22111111111112221111
22111111111112221111
22111111111112221111
11111111111111111111
11111111111111111111
11111111111111111111
11111111111111111111
11111111111111111111
21111111111111111111
21111111111111111111
21111111111111111111
11111111111111111111
22222222222222222222
22222222222222222222
22222222222222222222

=== MARKOV MAP 191 ===
DIFICULTAD: MEDIO
11111111111111111111
11111111111111111111
11111131111111111111
21111121111111121111
21111221111111221111
21112221111112221111
21112221111112221111
21112221111112221111
11111111111111111111
11111111111221111222
11111111111221111111
11111111111221111111
11111111111111111111
11111122222222211112
11111122222222211112
11111122222222211112
11111111111111111111
22222222222222222222
22222222222222222222
22222222222222222222

=== MARKOV MAP 192 ===
DIFICULTAD: EXPERTO
11111111111111111111
11111111211111111111
13111111111111111111
12111111111111111111
22111111111111111111
22111111111111111111
22111111111111111111
22111111111111111111
11111311111111111111
11122211111111111111
11122211111111111111
11122211111111111111
11111111113333311122
12222111122222222222
12222111122222222222
12222111122222222222
11111111111111111111
22222222222222222222
22222222222222222222
22222222222222222222

=== MARKOV MAP 193 ===
DIFICULTAD: FACIL
11111111111111111111
22111111111111111111
11111111111111111111
11111111211111111111
11111112211111111111
11111122211111111111
11111122211111111111
11111122211111111111
11111111111111111111
11122211111112211112
11122211111112211112
11122211111112211112
11111111111111111111
11222222111222222222
11222222111222222222
11222222111222222222
11111111111111111111
22222222222222222222
22222222222222222222
22222222222222222222

=== MARKOV MAP 194 ===
DIFICULTAD: EXPERTO
11111111111111111111
11111111111111111111
11111111111111111111
11111111111111111111
11111111111111111111
11111111111111111112
11111111111111111112
11111111111111111112
11111111111111111111
12222111111111111111
12222111111111111111
12222111111111311111
11111113311112222111
22222222222222222111
22222222222222222111
22222222222222222111
11111111111111111111
22222222222222222222
22222222222222222222
22222222222222222222

=== MARKOV MAP 195 ===
DIFICULTAD: EXPERTO
11111111111111111111
11111111111111111111
11111111111111111111
11111111112111111111
11111111122111111111
11111111222111111111
11111111222111111111
11111111222111121111
11111111111111111111
11111112111111111111
11111112111111111111
11111112111111111111
33131111111111111111
22222222221111111111
22222222221111111111
22222222221111111111
11111111111111111111
22222222222222222222
22222222222222222222
22222222222222222222

=== MARKOV MAP 196 ===
DIFICULTAD: MEDIO
11111111111111111111
11111111111111111111
11111111111111111111
11211111111111111211
12211111111111112211
22211111111111122211
22211111111111122211
22211111113111122211
11111111111111111111
11111111111111111111
11111111111111111111
11111111111111111111
11111111111111111111
11111111111111111111
11111111111111111111
11111111111111111111
11111111111111111111
22222222222222222222
22222222222222222222
22222222222222222222

=== MARKOV MAP 197 ===
DIFICULTAD: MEDIO
11111111111111111111
11111111111111111111
11111111111111111111
11111111111111111111
11111111111111111111
11111111111111111111
11111111111111111111
22222222222211111113
11111111111111111111
11111111111111111111
11111111111111111111
11111111111111111111
11111111111111111111
11111111111111111111
11111111111111111111
11111111111111111111
11111111111111111111
22222222222222222222
22222222222222222222
22222222222222222222

=== MARKOV MAP 198 ===
DIFICULTAD: EXPERTO
11111111111111111111
11111111111111112111
11111111111111111111
11111111111111111111
11111111111111111111
11111111111111111111
11111111111111111111
11111211111111111111
11111111111111111111
11111111111111111111
11111111111111111111
31311111111111111111
22221111111111111112
22221111111111111222
22221111111111111222
22221111111111111222
11111111111113111111
22222222222222222222
22222222222222222222
22222222222222222222

=== MARKOV MAP 199 ===
DIFICULTAD: EXPERTO
11111111111111111111
11111111111111111111
11311111111111111111
11211111111111111111
12211111111111111111
22211111111111111111
22211111111111111111
22211111111113111111
11111111111111111111
11112111111111111111
11112111111111111111
11112111111111111111
11111122211111111111
11222222211111111111
11222222211111111111
11222222211111111111
11111111131111111131
22222222222222222222
22222222222222222222
22222222222222222222

=== MARKOV MAP 200 ===
DIFICULTAD: FACIL
11111111111111111111
22111111111111111111
11111111111111111111
11111111111111121111
11111111111111221111
11111111111112221111
11111111111112221111
11111111111112221111
11111111111111111111
11111112211121111111
11111111111121111111
11111111111121111111
11111211111111111111
11222211222222211111
11222211222222211111
11222211222222211111
11111111111111111111
22222222222222222222
22222222222222222222
22222222222222222222

