=== WFC MAP 1 ===
DIFICULTAD: MEDIO
11111111111111111111
11111111111111111111
11111111111111111111
11111111111111111211
11111111111111112211
11111111111111122211
11111111111111122211
11111111111111122211
11111111111111111111
11111111111112211111
11111111111112211111
11111111111112211111
11111111131111111111
11122222222222222111
11122222222222222111
11122222222222222111
11111111111111111111
22222222222222222222
22222222222222222222
22222222222222222222

=== WFC MAP 2 ===
DIFICULTAD: MEDIO
11111111111111111111
11111111111111111111
11111111111111111111
11111111211111111111
11111112211111111111
11111122211122111111
11111122211122111111
11111122211122111111
11111111111122111111
11111111111122111111
11111111111122111311
11111111111122111111
11111111111122111111
11111111112222222222
11111111112222222222
11111111112222222222
11111111111111111111
22222222222222222222
22222222222222222222
22222222222222222222

=== WFC MAP 3 ===
DIFICULTAD: FACIL
11111111111111111111
11111111111111111111
11111111111111111111
11211111111111111111
12211111111111111111
22211111111111111111
22211111111111111111
22211122222111111111
11111111111111111111
11111111111111111111
11111111111111111111
11111111111111111111
11111111111111111111
11111111111111111111
11111111111111111111
11111111111111111111
11111111111111111111
22222222222222222222
22222222222222222222
22222222222222222222

=== WFC MAP 4 ===
DIFICULTAD: MEDIO
11111111111111111111
11111111111111111111
11111111111111111111
11211111111111111211
12211111111111112211
22211111111111122211
22211111111111122211
22211111113111122211
11111111111111111111
11111111111111111111
11111111111111111111
11111111111111111111
11111111111111111111
11111111111111111111
11111111111111111111
11111111111111111111
11111111111111111111
22222222222222222222
22222222222222222222
22222222222222222222

=== WFC MAP 5 ===
DIFICULTAD: MEDIO
11111111111111111111
11111111111111111111
11111131111111111111
21111121111111121111
21111221111111221111
21112221111112221111
21112221111112221111
21112221111112221111
11111111111111111111
11111111111221111222
11111111111221111111
11111111111221111111
11111111111111111111
11111122222222211112
11111122222222211112
11111122222222211112
11111111111111111111
22222222222222222222
22222222222222222222
22222222222222222222

=== WFC MAP 6 ===
DIFICULTAD: MEDIO
11111111111111111111
21111111111222211111
11111111111111111111
11111111111111111111
11111111111111111111
11111111111111111111
11111111111111111111
11111111111111111111
11111111131111111111
11112112221111111222
11112112221111111222
11112112221111111222
11111111111111111111
12222222211111122222
12222222211111122222
12222222211111122222
11111111111111111111
22222222222222222222
22222222222222222222
22222222222222222222

=== WFC MAP 7 ===
DIFICULTAD: MEDIO
11111111111111111111
11111111111111111111
11111131111111111111
21111121111111121111
21111221111111221111
21112221111112221111
21112221111112221111
21112221111112221111
11111111111111111111
11111111111221111222
11111111111221111111
11111111111221111111
11111111111111111111
11111122222222211112
11111122222222211112
11111122222222211112
11111111111111111111
22222222222222222222
22222222222222222222
22222222222222222222

=== WFC MAP 8 ===
DIFICULTAD: MEDIO
11111111111111111111
11111111111211111111
11111111111111111111
11111111111111111111
11111111111111111111
11111111111111111111
11111111111111111111
11111111111111111111
11111111111111111111
11111111111111111111
11111111111111111111
11111111111111111111
22211111111111111111
22211111111122222211
22211111111122222211
22211111111122222211
11111111131111111111
22222222222222222222
22222222222222222222
22222222222222222222

=== WFC MAP 9 ===
DIFICULTAD: MEDIO
11111111111111111111
11111111111111111111
11111111111111111111
11111111111111111111
11111111111111111111
22221111111111111111
22221111111111111111
22221111111111111111
22221111111111111111
22221111111111111112
22221111111111111111
22221111111111111111
22221111211111111111
22222222211111111111
22222222211111111111
22222222211111111111
11111111131111111111
22222222222222222222
22222222222222222222
22222222222222222222

=== WFC MAP 10 ===
DIFICULTAD: EXPERTO
11111111111111111111
11111111111111111111
11111111111111111111
11111111111111111111
11111111111111111111
11111111111111111111
11111111111111111111
11111111111111111111
11111111111111111111
11111111111111111122
11111111111111111111
13131111111111111111
22222111111111111111
22222111111111111111
22222111111111111111
22222111111111111111
11111311111111111111
22222222222222222222
22222222222222222222
22222222222222222222

=== WFC MAP 11 ===
DIFICULTAD: EXPERTO
11111111111111111111
11111111111111111111
11111111111131111111
11111111111121111111
11111111111221111111
11111111112221111111
11111111112221111111
11111111212221111111
31111111111111113111
21111111111111222111
21111111111111222111
21111111111111222111
11111111111111111111
11111111111122221111
11111111111122221111
11111111111122221111
11111131111111111111
22222222222222222222
22222222222222222222
22222222222222222222

=== WFC MAP 12 ===
DIFICULTAD: MEDIO
11111111111111111111
22222222222111111111
11111111111111111111
11111111111111111111
11111111111111111111
11111111111111111111
11111111111111111111
11111111111111111111
11111111111111111111
11111111111111111222
11111111111111131222
11111111111111111222
11111111111111111111
11111111111222222222
11111111111222222222
11111111111222222222
11111111111111111111
22222222222222222222
22222222222222222222
22222222222222222222

=== WFC MAP 13 ===
DIFICULTAD: MEDIO
11111111111111111111
11111111111111111111
11111111111111111111
11111111111111111211
11111111111111112211
11111111111111122211
11111111111111122211
11111111111111122211
11111111111111111111
11111111111112211111
11111111111112211111
11111111111112211111
11111111131111111111
11122222222222222111
11122222222222222111
11122222222222222111
11111111111111111111
22222222222222222222
22222222222222222222
22222222222222222222

=== WFC MAP 14 ===
DIFICULTAD: EXPERTO
11111111111111111111
11111111111111111111
11111111111111111111
11111111111111111111
11111111111111111111
11111111111111111111
11111111111111111111
11111111111111111111
11111111111111111111
11111111111111111111
31111111111111111111
11111113113111111111
11111122222211111111
22222222222211111122
22222222222211111122
22222222222211111122
11111111111111111111
22222222222222222222
22222222222222222222
22222222222222222222

=== WFC MAP 15 ===
DIFICULTAD: DIFICIL
11111111111111111111
11111111111111111111
11111113111111111111
11211112111111111111
12211122111111111111
22211222111111111111
22211222111111111111
22211222111111111111
11111111111111111111
11111111111111111111
11111111111111111111
11111111111111111111
11111111111111111111
22111112222111122111
22111112222111122111
22111112222111122111
11111111111131111111
22222222222222222222
22222222222222222222
22222222222222222222

=== WFC MAP 16 ===
DIFICULTAD: EXPERTO
11111111111111111111
11111111111111111111
13111111113111111111
12111111112111111111
22111111122111111112
22111111222111111122
22111111222111111122
22111111222111111122
11113111111111111111
11122111111111122211
11122111111111122211
11122111111111122211
11111111111111111111
12221111112222222222
12221111112222222222
12221111112222222222
11111111111111111111
22222222222222222222
22222222222222222222
22222222222222222222

=== WFC MAP 17 ===
DIFICULTAD: DIFICIL
11111111111111111111
11111111111111111111
11111111111111111111
11211111111111111111
12211111111111111111
22211111111111111111
22211111111111111111
22211111111111111113
11111111111111111111
11111112222111111111
11111111111111131111
11111111111111111111
11111111111111111211
22111111112222222211
22111111112222222211
22111111112222222211
11111111111111111111
22222222222222222222
22222222222222222222
22222222222222222222

=== WFC MAP 18 ===
DIFICULTAD: EXPERTO
11111111111111111111
11111111111111111111
11111111111111111111
11111111111111111111
11111111111111111111
11111111111111111111
11111111111111111111
11111111111111111111
11111111111111111111
11111111111111111111
11111111111111111111
11111111111131111111
33331211111222221111
22222211112222221111
22222211112222221111
22222211112222221111
11111111111111113111
22222222222222222222
22222222222222222222
22222222222222222222

=== WFC MAP 19 ===
DIFICULTAD: EXPERTO
11111111111111111111
22211111111111111111
11111111111111111111
11111111111111111111
11111111111111111111
11111111111111111111
11111111111111111111
11111111111111111111
11111111111111111111
11111111111111111122
11111111111111111122
11111111111111111122
11111131111133311111
11122222111222222222
11122222111222222222
11122222111222222222
11111111111111111111
22222222222222222222
22222222222222222222
22222222222222222222

=== WFC MAP 20 ===
DIFICULTAD: MEDIO
11111111111111111111
11111111111111111111
11111111111111111111
11111111111111111111
11111111111111111111
11111111111111111111
11111111111111111111
11111111111111222222
11111111111111111111
11111111111111111111
11111111111111111111
11111111111111111111
21111111111111111111
21111111111111111111
21111111111111111111
21111111111111111111
11111111113111111111
22222222222222222222
22222222222222222222
22222222222222222222

=== WFC MAP 21 ===
DIFICULTAD: DIFICIL
11111111111111111111
11111122222221111111
11111111111111111111
12111111111111111111
22111111111111111111
22111111111111111111
22111111111111111111
22111111111111111113
11111111111111111111
11111111111111111111
11111111111111111111
11111111111111111111
11111111111111121111
21111111111112221111
21111111111112221111
21111111111112221111
11111111111111113111
22222222222222222222
22222222222222222222
22222222222222222222

=== WFC MAP 22 ===
DIFICULTAD: DIFICIL
11111111111111111111
11111111111111111111
11111111111111111111
11111111111111111111
11111111111111111112
11111111111111111122
11111111111111111122
11111111111222111122
11111311111111111111
11122211111111111111
11122211111111111111
11122211111111111111
11111111111111111111
22222111111111111111
22222111111111111111
22222111111111111111
11111113111111111111
22222222222222222222
22222222222222222222
22222222222222222222

=== WFC MAP 23 ===
DIFICULTAD: MEDIO
11111111111111111111
11111111111111111111
11111111111111111111
11211111111111211111
12211111111112211111
22211111111122211111
22211111111122211111
22211121111122211111
11111111111111111111
11111111111211111111
11111111111211111111
11111111111211111111
11111111111111111111
22111111112222111111
22111111112222111111
22111111112222111111
11111111111111111131
22222222222222222222
22222222222222222222
22222222222222222222

=== WFC MAP 24 ===
DIFICULTAD: EXPERTO
11111111111111111111
11111111111111111111
11311111111111111111
11211111111111111111
12211111111111111111
22211111111111111111
22211111111111111111
22211111111113111111
11111111111111111111
11112111111111111111
11112111111111111111
11112111111111111111
11111122211111111111
11222222211111111111
11222222211111111111
11222222211111111111
11111111131111111131
22222222222222222222
22222222222222222222
22222222222222222222

=== WFC MAP 25 ===
DIFICULTAD: MEDIO
11111111111111111111
11111111111111111111
11111111111111111111
11111111111111111111
11111111111111111111
22221111111111111111
22221111111111111111
22221111111111111111
22221111111111111111
22221111111111111112
22221111111111111111
22221111111111111111
22221111211111111111
22222222211111111111
22222222211111111111
22222222211111111111
11111111131111111111
22222222222222222222
22222222222222222222
22222222222222222222

=== WFC MAP 26 ===
DIFICULTAD: MEDIO
11111111111111111111
11111111111111111111
11111111111111111111
11121111111111111211
11221111111111112211
12221111111111122211
12221111111111122211
12221111111111122211
11111111111111111111
11111111111111211111
11111111111111211111
11111111111111211111
11111111111131111111
11111111112222222112
11111111112222222112
11111111112222222112
11111111111111111111
22222222222222222222
22222222222222222222
22222222222222222222

=== WFC MAP 27 ===
DIFICULTAD: DIFICIL
11111111111111111111
11111111111111111122
11111111111111111111
11111111111111111111
11111111111111111111
11111111111111111111
11111111111111111111
22131111111111111111
11111111111113111111
11111111111122111111
11111111111122111111
11111111111122111111
11111111111111111111
11111111111221111111
11111111111221111111
11111111111221111111
11111111111111111111
22222222222222222222
22222222222222222222
22222222222222222222

=== WFC MAP 28 ===
DIFICULTAD: DIFICIL
11111111111111111111
11111111111111111111
11111111111111111111
11111111111111111211
11111111111111112211
11122111122111122211
11122111122111122211
11122111122111122211
11122111122111111111
11122111122112211111
11122131122112211111
11122111122112211111
31122111122111111111
22222222222222222111
22222222222222222111
22222222222222222111
11111111111111111111
22222222222222222222
22222222222222222222
22222222222222222222

=== WFC MAP 29 ===
DIFICULTAD: DIFICIL
11111111111111111111
11111111111111111111
11131111111111111111
11121111111111121111
11221111111111221111
12221111111112221111
12221111111112221111
12221111111112221111
11111111111111111111
11111111112121111111
11111111112121111111
11111111112121111111
11111311111111111111
11122222222222211111
11122222222222211111
11122222222222211111
11111111111111111111
22222222222222222222
22222222222222222222
22222222222222222222

=== WFC MAP 30 ===
DIFICULTAD: MEDIO
11111111111111111111
11111111111111111111
11111111111111111111
11111111121111111111
11111111221111111111
11111112221111111111
11111112221111111111
11111112221111111111
11111111111111111111
22111121111111122222
11111121111111122222
11111121111111122222
11113111111111111111
12222222211111222222
12222222211111222222
12222222211111222222
11111111111111111111
22222222222222222222
22222222222222222222
22222222222222222222

=== WFC MAP 31 ===
DIFICULTAD: DIFICIL
11111111111111111111
11111111111111111111
31111111111111111111
21111111111111111111
21111111111111111111
21111111112221211111
21111111112221211111
21111111112221211111
11111111112221211111
11111111112221212222
11111111112221212222
11111111112221212222
11111311112221211111
22222222222222222222
22222222222222222222
22222222222222222222
11111111111111111111
22222222222222222222
22222222222222222222
22222222222222222222

=== WFC MAP 32 ===
DIFICULTAD: EXPERTO
11111111111111111111
22222222111111111111
11111111111111111131
11111111111111111121
11111111111111111221
11111111111111112221
11111111111111112221
11111111111111112221
11111111111111111111
11111111111111111111
11111111111111111111
11111111113111111111
11111111122211111111
11111111222211111122
11111111222211111122
11111111222211111122
11111111111131111111
22222222222222222222
22222222222222222222
22222222222222222222

=== WFC MAP 33 ===
DIFICULTAD: DIFICIL
11111111111111111111
11111111111111111111
11111111111111131111
11211111111111121111
12211111111111221112
22211111111112221122
22211111111112221122
22211111111112221122
11111111111111111111
11111111111111111211
11111111111111111211
11111111111111111211
11111111111111111111
22111111111111122222
22111111111111122222
22111111111111122222
11111131111111111111
22222222222222222222
22222222222222222222
22222222222222222222

=== WFC MAP 34 ===
DIFICULTAD: DIFICIL
11111111111111111111
11111111111111111111
11111111111111111111
21111111111111111111
21111111111111111111
21111111111111111111
21111111111111111111
21111111111111111111
11111111111111111111
11111122111111111111
11111111111111111111
11111111111111111111
11111111122211111111
11111112222211111111
11111112222211111111
11111112222211111111
11111111111131111113
22222222222222222222
22222222222222222222
22222222222222222222

=== WFC MAP 35 ===
DIFICULTAD: DIFICIL
11111111111111111111
11111111111111111111
11111111111111111111
11211111111111111111
12211111111111111112
22211111111111111122
22211111111111111122
22211222111131111122
11111111111111111111
11111111111111111111
11111111111111111111
11111111111111111111
11111111111111121111
22111111111111221111
22111111111111221111
22111111111111221111
11111111111111113111
22222222222222222222
22222222222222222222
22222222222222222222

=== WFC MAP 36 ===
DIFICULTAD: DIFICIL
11111111111111111111
11111111111111111111
11111111111111111111
21111111111111111111
21111111111111111111
21111111111111111111
21111111111111111111
21111111111111111111
11111111111111111111
11111111111111111111
11111111111111111111
11111111111111111313
11111111111111112222
11111111111111122222
11111111111111122222
11111111111111122222
11111111111111111111
22222222222222222222
22222222222222222222
22222222222222222222

=== WFC MAP 37 ===
DIFICULTAD: FACIL
11111111111111111111
11111111111111111111
11111111111111111111
11111111111111111111
11111111111111111111
11111111111111111111
11111111111111111111
11211111111111111111
11111111111111111111
11111111111111111111
11111111111111111111
11111111111111111111
11111111111111111111
11111111122111111111
11111111122111111111
11111111122111111111
11111111111111111111
22222222222222222222
22222222222222222222
22222222222222222222

=== WFC MAP 38 ===
DIFICULTAD: MEDIO
11111111111111111111
11111111111111111111
11111111111111111111
11111121111111111111
11111221111111111111
11112221111111111111
11112221111111111111
31112221111111111111
11111111111111111111
11111111112211222222
11111111111111222222
11111111111111222222
11111111111111111111
11111111111222222222
11111111111222222222
11111111111222222222
11111111111111111111
22222222222222222222
22222222222222222222
22222222222222222222

=== WFC MAP 39 ===
DIFICULTAD: MEDIO
11111111111111111111
11111111111111111111
11111111111111111111
11111121111111111111
11111221111111111111
11112221111111111111
11112221111111111111
31112221111111111111
11111111111111111111
11111111112211222222
11111111111111222222
11111111111111222222
11111111111111111111
11111111111222222222
11111111111222222222
11111111111222222222
11111111111111111111
22222222222222222222
22222222222222222222
22222222222222222222

=== WFC MAP 40 ===
DIFICULTAD: DIFICIL
11111111111111111111
11111121111111111111
11111111111111111111
11111111111111111111
11111111111111111111
11111111111111111111
11111111111111111111
11111111111111122221
11111111111111111111
11111111111111111111
11111111111111111111
11111111111111111111
31211111121111111111
22211112221111111111
22211112221111111111
22211112221111111111
11111111113111111111
22222222222222222222
22222222222222222222
22222222222222222222

=== WFC MAP 41 ===
DIFICULTAD: DIFICIL
11111111111111111111
11111122222221111111
11111111111111111111
12111111111111111111
22111111111111111111
22111111111111111111
22111111111111111111
22111111111111111113
11111111111111111111
11111111111111111111
11111111111111111111
11111111111111111111
11111111111111121111
21111111111112221111
21111111111112221111
21111111111112221111
11111111111111113111
22222222222222222222
22222222222222222222
22222222222222222222

=== WFC MAP 42 ===
DIFICULTAD: MEDIO
11111111111111111111
11111111111111111111
11111111111111111111
11111111111111111111
11111111111111111111
11111111111111111111
11111111111111111111
22221111111111111111
11111111111111111111
11111111111111111111
11111111111111111111
11111111111111111111
11111111111111111111
11111111111111111112
11111111111111111112
11111111111111111112
11111111111113111111
22222222222222222222
22222222222222222222
22222222222222222222

=== WFC MAP 43 ===
DIFICULTAD: MEDIO
11111111111111111111
11111111111111111111
11111111111111111111
11111111111111111111
11111111111111111111
11111111111111111111
11111111111111111111
11111111111111111221
11111111111111111111
11111111111111111111
11111111111111111111
11111111111111111111
11111111111122111111
11112222222222111111
11112222222222111111
11112222222222111111
31111111111111111111
22222222222222222222
22222222222222222222
22222222222222222222

=== WFC MAP 44 ===
DIFICULTAD: DIFICIL
11111111111111111111
11111111111111111111
11111111111111111111
11111111111111111111
11111111111111111112
11111111111111111122
11111111111111111122
11111111111222111122
11111311111111111111
11122211111111111111
11122211111111111111
11122211111111111111
11111111111111111111
22222111111111111111
22222111111111111111
22222111111111111111
11111113111111111111
22222222222222222222
22222222222222222222
22222222222222222222

=== WFC MAP 45 ===
DIFICULTAD: MEDIO
11111111111111111111
22111111111111111111
11111111111111111111
11111111211111111111
11111112211111111111
11111122211111111111
11111122211111111111
11111122211111111111
11111111111111111111
11112211111111111111
11112211111111131111
11112211111111111111
11111111111111111111
11222222111112222211
11222222111112222211
11222222111112222211
11111111111111111111
22222222222222222222
22222222222222222222
22222222222222222222

=== WFC MAP 46 ===
DIFICULTAD: DIFICIL
11111111111111111111
11111111111111111122
11111111111111111111
11211111111111111111
12211111111111111111
22211111111111111111
22211111111111111111
22211111111111111111
11111111111111111111
11111111111111111111
11111111111111111111
11111111131131111111
11111112222222111111
22111222222222111111
22111222222222111111
22111222222222111111
11111111111111111111
22222222222222222222
22222222222222222222
22222222222222222222

=== WFC MAP 47 ===
DIFICULTAD: EXPERTO
11111111111111111111
11111111111111111111
13111111111111111111
12111111111111111111
22111111111111111111
22111111111111111111
22111111111111111111
22111111111111111111
11113111111111111111
11122111222111111112
11122111111111131112
11122111111111111112
11111111111133111111
12221111112222222222
12221111112222222222
12221111112222222222
11111111111111111111
22222222222222222222
22222222222222222222
22222222222222222222

=== WFC MAP 48 ===
DIFICULTAD: MEDIO
11111111111111111111
11111111111111111111
11111111111111111111
11111111111111111111
11111111111111111111
11111111111111111111
11111111111111111111
22111111111111111111
11111111111111113111
11111111222221222111
11111111111111222111
11111111111111222111
11111111111111111111
11111111111122221111
11111111111122221111
11111111111122221111
11111111111111111111
22222222222222222222
22222222222222222222
22222222222222222222

=== WFC MAP 49 ===
DIFICULTAD: DIFICIL
11111111111111111111
11111111111111111111
11111111111311111111
11111111111211111111
11111111112211111111
11111111122211111111
11111111122211111111
11111111122211111111
11131111111111111111
12221111111111111112
12221111111111111112
12221111111111111112
11111111111111111111
22211111111222112222
22211111111222112222
22211111111222112222
11111111111111111111
22222222222222222222
22222222222222222222
22222222222222222222

=== WFC MAP 50 ===
DIFICULTAD: MEDIO
11111111111111111111
11111111111111111111
11111111111111111111
11111111111111111111
11111111111111111111
11111111111111111111
11111111111111111111
22111111111111111111
11111111111111113111
11111111222221222111
11111111111111222111
11111111111111222111
11111111111111111111
11111111111122221111
11111111111122221111
11111111111122221111
11111111111111111111
22222222222222222222
22222222222222222222
22222222222222222222

=== WFC MAP 51 ===
DIFICULTAD: DIFICIL
11111111111111111111
11111111111111111111
11111111111111111111
11111111111111111121
11111111111111111221
11111111111111112221
11111111111111112221
11111111111111112221
11131111111111111111
11221111112222221111
31221111112222221111
11221111112222221111
11111111111111111111
22211111222222222211
22211111222222222211
22211111222222222211
11111111111111111111
22222222222222222222
22222222222222222222
22222222222222222222

=== WFC MAP 52 ===
DIFICULTAD: DIFICIL
11111111111111111111
11111111111111111111
11111111111311111111
11111111111211111111
11111111112211111111
11111111122211111111
11111111122211111111
11111111122211111111
11131111111111111111
12221111111111111112
12221111111111111112
12221111111111111112
11111111111111111111
22211111111222112222
22211111111222112222
22211111111222112222
11111111111111111111
22222222222222222222
22222222222222222222
22222222222222222222

=== WFC MAP 53 ===
DIFICULTAD: DIFICIL
11111111111111111111
22221111111111111111
11111111111111111111
11111111111111111111
11111111111111111111
11111111111112111111
11111111111112111111
11111111111112111111
11111111111112111111
11111111111112111111
11111111111112111111
11111111111112111111
11111113311112111111
11112222222222211111
11112222222222211111
11112222222222211111
11111111111111111111
22222222222222222222
22222222222222222222
22222222222222222222

=== WFC MAP 54 ===
DIFICULTAD: FACIL
11111111111111111111
22111111111111111111
11111111111111111111
11111111211111111111
11111112211111111111
11111122211111111111
11111122211111111111
11111122211111111111
11111111111111111111
11122211111112211112
11122211111112211112
11122211111112211112
11111111111111111111
11222222111222222222
11222222111222222222
11222222111222222222
11111111111111111111
22222222222222222222
22222222222222222222
22222222222222222222

=== WFC MAP 55 ===
DIFICULTAD: MEDIO
11111111111111111111
11111111111111111111
11111111111111111111
11111111111111111111
11111111111111111111
11111111111111111111
11111111111111111111
22222222222211111113
11111111111111111111
11111111111111111111
11111111111111111111
11111111111111111111
11111111111111111111
11111111111111111111
11111111111111111111
11111111111111111111
11111111111111111111
22222222222222222222
22222222222222222222
22222222222222222222

=== WFC MAP 56 ===
DIFICULTAD: DIFICIL
11111111111111111111
11111111111111111111
11111111111111111111
11111111111111111111
11111111111111111111
11111111111111111111
11111111111111111111
11111111111111111111
11111111111111111111
11111111111111111111
11111111111111111113
13111111111111111111
22222211111111111111
22222211111111111222
22222211111111111222
22222211111111111222
11111111111111111111
22222222222222222222
22222222222222222222
22222222222222222222

=== WFC MAP 57 ===
DIFICULTAD: MEDIO
11111111111111111111
11111111111111111111
11111111111111111111
11111111111111111111
11111111111111111111
11111111111111111111
11111111111111111111
11111111111111111111
11111111111111111111
22121111111111111211
11121111111111111211
11121111113111111211
11111112222211111111
12222222222212222222
12222222222212222222
12222222222212222222
11111111111111111111
22222222222222222222
22222222222222222222
22222222222222222222

=== WFC MAP 58 ===
DIFICULTAD: DIFICIL
11111111111111111111
11111111111111111122
11111111111111111111
11211111111111111111
12211111111111111111
22211111111111111111
22211111111111111111
22211111111111111111
11111111111111111111
11111111111111111111
11111111111111111111
11111111131131111111
11111112222222111111
22111222222222111111
22111222222222111111
22111222222222111111
11111111111111111111
22222222222222222222
22222222222222222222
22222222222222222222

=== WFC MAP 59 ===
DIFICULTAD: EXPERTO
11111111111111111111
22211111111111111111
11111111111111111111
11111111111111111111
11111111111111111111
11111111111111111111
11111111111111111111
11111111111111111111
11111111111111111111
11111111111111111122
11111111111111111122
11111111111111111122
11111131111133311111
11122222111222222222
11122222111222222222
11122222111222222222
11111111111111111111
22222222222222222222
22222222222222222222
22222222222222222222

=== WFC MAP 60 ===
DIFICULTAD: MEDIO
11111111111111111111
11111111111111112211
11111111111111111111
11111111111111211111
11111111111112211111
11111111111122211111
11111111111122211111
11111111111122211111
11111111111111111111
11111111111111111111
11111111111111111111
11111111111111111111
11111111111111111111
11111111111111111122
11111111111111111122
11111111111111111122
31111111111111111111
22222222222222222222
22222222222222222222
22222222222222222222

=== WFC MAP 61 ===
DIFICULTAD: EXPERTO
11111111111111111111
11111111111111111111
11111111111111111111
11111111111111111111
11111111111111111111
11111111111112111111
11111111111112111111
11111111111112111111
11111111111112111111
11111111111112111111
11111111111112113111
13131111111112111111
22222111111112111111
22222111222222222222
22222111222222222222
22222111222222222222
11111311111111111111
22222222222222222222
22222222222222222222
22222222222222222222

=== WFC MAP 62 ===
DIFICULTAD: FACIL
11111111111111111111
11111111111111111111
11111111111111111111
11121111121111111111
11221111221111111111
12221112221111111111
12221112221111111111
12221112221111111111
11111111111111111111
21111111111111111111
21111111111111111111
21111111111111111111
11111111111111111111
22211111111111111111
22211111111111111111
22211111111111111111
11111111111111111111
22222222222222222222
22222222222222222222
22222222222222222222

=== WFC MAP 63 ===
DIFICULTAD: FACIL
11111111111111111111
11111111111111111111
11111111111111111111
12111111111111111111
22111111111111111111
22111111122222211111
22111111122222211111
22111111122222211111
11111111122222211111
11112222122222211222
11111111122222211222
11111111122222211222
11111111122222211111
21111112222222222222
21111112222222222222
21111112222222222222
11111111111111111111
22222222222222222222
22222222222222222222
22222222222222222222

=== WFC MAP 64 ===
DIFICULTAD: EXPERTO
11111111111111111111
11111111111111111111
11111111111111111111
11111111111111111111
11111111111111111111
11111111111111111111
11111111111111111111
11111111111111111111
11111111111111111111
21111222111111111111
21111222111111111111
21111222113113131311
11111111122222222221
22222222222222222221
22222222222222222221
22222222222222222221
11111111111111111113
22222222222222222222
22222222222222222222
22222222222222222222

=== WFC MAP 65 ===
DIFICULTAD: MEDIO
11111111111111111111
11111111111111111111
11111111111111111111
11111111111112111111
11111111111122111111
11111111111222111111
11111111111222111111
11111222211222111112
11111111111111111111
11111111111111111111
11111111111111111111
11111111111111111111
11111111111111111111
11111111111111111111
11111111111111111111
11111111111111111111
31111111111111111111
22222222222222222222
22222222222222222222
22222222222222222222

=== WFC MAP 66 ===
DIFICULTAD: DIFICIL
11111111111111111111
11111111111111111111
11111111111111111111
11111111111111111111
11111111111111111111
21111111111111111111
21111111111111111111
21111111111122111111
21111111111111111131
21111111111111111221
21111111111111111221
21131111111111111221
21222211111111111111
22222211111111112211
22222211111111112211
22222211111111112211
11111111111111111111
22222222222222222222
22222222222222222222
22222222222222222222

=== WFC MAP 67 ===
DIFICULTAD: DIFICIL
11111111111111111111
11111111111111111111
11131111111111111111
11121111111111121111
11221111111111221111
12221111111112221111
12221111111112221111
12221111111112221111
11111111111111111111
11111111112121111111
11111111112121111111
11111111112121111111
11111311111111111111
11122222222222211111
11122222222222211111
11122222222222211111
11111111111111111111
22222222222222222222
22222222222222222222
22222222222222222222

=== WFC MAP 68 ===
DIFICULTAD: DIFICIL
11111111111111111111
11111111111111111111
11111111111111111111
11211111111111111111
12211111111111111111
22211111111111111111
22211111111111111111
22211111111111111113
11111111111111111111
11111112222111111111
11111111111111131111
11111111111111111111
11111111111111111211
22111111112222222211
22111111112222222211
22111111112222222211
11111111111111111111
22222222222222222222
22222222222222222222
22222222222222222222

=== WFC MAP 69 ===
DIFICULTAD: MEDIO
11111111111111111111
11111111111111112111
11111111111111111111
11111111111111111111
11111111111111111111
11111111111111111111
11111111111111111111
11111111111111111111
11111311111111111111
21112211111111111111
11112211111111111111
11112211111111111111
11111111111111111111
22222111111111111222
22222111111111111222
22222111111111111222
11111111111111111111
22222222222222222222
22222222222222222222
22222222222222222222

=== WFC MAP 70 ===
DIFICULTAD: EXPERTO
11111111111111111111
11111111111111111111
11111111111111111111
11111111111112111111
11111111111122111111
11111111111222111111
11111111111222111111
31111111111222111111
11111111111111111111
11111111111111111111
11111111111111111111
11111111111111111111
11111111111111111111
11111111111111111111
11111111111111111111
11111111111111111111
11111313111111111111
22222222222222222222
22222222222222222222
22222222222222222222

=== WFC MAP 71 ===
DIFICULTAD: FACIL
11111111111111111111
11111111111111111111
11111111111111111111
12111111112111111111
22111111122111111111
22111111222111111111
22111111222111111111
22111111222111111111
11111111111111111111
11111111111111111111
11111111111111111111
11111111111111111111
11111111111111111111
11111111111111111111
11111111111111111111
11111111111111111111
11111111111111111111
22222222222222222222
22222222222222222222
22222222222222222222

=== WFC MAP 72 ===
DIFICULTAD: FACIL
11111111111111111111
11222111111111111111
11111111111111111111
11111111111112111111
11111111111122111111
11111111111222111111
11111111111222111111
11111111111222111111
11111111111111111111
11111112112111111122
11111112112111111111
11111112112111111111
11111111111111111111
11111222222221111111
11111222222221111111
11111222222221111111
11111111111111111111
22222222222222222222
22222222222222222222
22222222222222222222

=== WFC MAP 73 ===
DIFICULTAD: MEDIO
11111111111111111111
11111111111111111111
11111111111111111111
12111111111111111112
22111111111111111122
22111111111111111222
22111111111111111222
22111111111113111222
11111111111111111111
11111111111111111111
11111111111111111111
11111111111111111111
11111222111111111111
21122222111111111111
21122222111111111111
21122222111111111111
11111111111111111111
22222222222222222222
22222222222222222222
22222222222222222222

=== WFC MAP 74 ===
DIFICULTAD: DIFICIL
11111111111111111111
11111111111111111111
11111111111111111111
11111111111111111111
11111111111111111111
11111111111111111111
11111111111111111111
31111131111111111111
11111111111111111111
11111111111111122112
11111111111111111112
11111111111111111112
11111111111111111111
11111111111111112222
11111111111111112222
11111111111111112222
11111111111111111111
22222222222222222222
22222222222222222222
22222222222222222222

=== WFC MAP 75 ===
DIFICULTAD: DIFICIL
11111111111111111111
11111111111111111111
11111111111111111111
11111121111111111111
11111221111111111112
11112221111111111122
11112221111111111122
11112221111111131122
11111111111111111111
11221111111111111111
11221111111111111111
11221111111111111111
31111111111111111111
22222211111111111111
22222211111111111111
22222211111111111111
11111111111111111111
22222222222222222222
22222222222222222222
22222222222222222222

=== WFC MAP 76 ===
DIFICULTAD: FACIL
11111111111111111111
11111111111111111111
11111111111111111111
11111111111111111111
11111111111111111111
11111111111111111111
11111111111111111111
11111111122222211111
11111111111111111111
21111111111111111112
11111111111111111112
11111111111111111112
11111111111111111111
22222111111111111222
22222111111111111222
22222111111111111222
11111111111111111111
22222222222222222222
22222222222222222222
22222222222222222222

=== WFC MAP 77 ===
DIFICULTAD: MEDIO
11111111111111111111
11111111111211111111
11111111111111111111
11111111111111111211
11111111111111112211
11111111111111122211
11111111111111122211
22211111111111122211
11111111111111111111
11111111111112211111
11111111111112211111
11111111111112211111
11111111111111111111
11111111111122222111
11111111111122222111
11111111111122222111
11111311111111111111
22222222222222222222
22222222222222222222
22222222222222222222

=== WFC MAP 78 ===
DIFICULTAD: DIFICIL
11111111111111111111
11111111111111111111
11111111111113111111
12111111211112111111
22111112211122111111
22111122211222111111
22111122211222111111
22111122211222111111
11111111111111111111
11111211111111111112
11111211111111111112
11111211111111111112
11111111111111131111
21122222111112222222
21122222111112222222
21122222111112222222
11111111111111111111
22222222222222222222
22222222222222222222
22222222222222222222

=== WFC MAP 79 ===
DIFICULTAD: EXPERTO
11111111111111111111
11111111111111111111
11111111111111113111
11111111111111112111
11111111111111122111
11111111111111222111
11111111111111222111
11111111113111222111
11111111111111111111
11222111111111111111
31222111111111111111
11222111111111111111
11111111111111111131
22222211111111112222
22222211111111112222
22222211111111112222
11111111111111111111
22222222222222222222
22222222222222222222
22222222222222222222

=== WFC MAP 80 ===
DIFICULTAD: FACIL
11111111111111111111
11111111111111111111
11111111111111111111
11211111111111111111
12211111111111111112
22211111111111111122
22211111111111111122
22211111122222222122
11111111111111111111
11111111111111111111
11111111111111111111
11111111111111111111
11111111111111111111
11111111111111111111
11111111111111111111
11111111111111111111
11111111111111111111
22222222222222222222
22222222222222222222
22222222222222222222

=== WFC MAP 81 ===
DIFICULTAD: DIFICIL
11111111111111111111
11111111111111111111
11111111111111111111
11121111111111111111
11221111111111111111
12221111111111111221
12221111111111111221
12221311111111111221
11111111111111111221
21111111111111111221
21111111111111111221
21111111111111111221
11111111111111131221
22211111111222222222
22211111111222222222
22211111111222222222
11111111111111111111
22222222222222222222
22222222222222222222
22222222222222222222

=== WFC MAP 82 ===
DIFICULTAD: EXPERTO
11111111111111111111
11111111111111111111
11311111111311111111
11211111111211111111
12211111112211111111
22211111122211112211
22211111122211112211
22211111122211112211
11111111111111112211
11111111111111112211
11111111111111112211
11111311111111112211
11112221111111112211
11222221111222222222
11222221111222222222
11222221111222222222
11111111111111111111
22222222222222222222
22222222222222222222
22222222222222222222

=== WFC MAP 83 ===
DIFICULTAD: EXPERTO
11111111111111111111
11111111111111111111
11111111111111111111
11111111111111111111
11111111111111111111
11111111111111111111
11111111111111111111
11111111111111111111
11111111111111111111
21111111111111111111
11111111111111111111
11111111111113131311
11111111112222222222
22222222222222222222
22222222222222222222
22222222222222222222
11111111111111111111
22222222222222222222
22222222222222222222
22222222222222222222

=== WFC MAP 84 ===
DIFICULTAD: DIFICIL
11111111111111111111
11111111111111111111
11131111111111111111
11121111111111121111
11221111111111221111
12221111111112221111
12221111111112221111
12221111111112221111
11111111111111111111
11111111112121111111
11111111112121111111
11111111112121111111
11111311111111111111
11122222222222211111
11122222222222211111
11122222222222211111
11111111111111111111
22222222222222222222
22222222222222222222
22222222222222222222

=== WFC MAP 85 ===
DIFICULTAD: DIFICIL
11111111111111111111
11111111111111111111
11111111111111111111
11211111111111111111
12211111111111111111
22211111111111111111
22211111111111111111
22211111111111111113
11111111111111111111
11111112222111111111
11111111111111131111
11111111111111111111
11111111111111111211
22111111112222222211
22111111112222222211
22111111112222222211
11111111111111111111
22222222222222222222
22222222222222222222
22222222222222222222

=== WFC MAP 86 ===
DIFICULTAD: EXPERTO
11111111111111111111
11111111111111111111
11311111111311111111
11211111111211111111
12211111112211111111
22211111122211112211
22211111122211112211
22211111122211112211
11111111111111112211
11111111111111112211
11111111111111112211
11111311111111112211
11112221111111112211
11222221111222222222
11222221111222222222
11222221111222222222
11111111111111111111
22222222222222222222
22222222222222222222
22222222222222222222

=== WFC MAP 87 ===
DIFICULTAD: MEDIO
11111111111111111111
11111111111211111111
11111111111111111111
11111111111111111111
11111111111111111111
11111111111111111111
11111111111111111111
11111111111111111111
11111111111111111111
11111111111111111111
11111111111111111111
11111111111111111111
22211111111111111111
22211111111122222211
22211111111122222211
22211111111122222211
11111111131111111111
22222222222222222222
22222222222222222222
22222222222222222222

=== WFC MAP 88 ===
DIFICULTAD: FACIL
11111111111111111111
11111221111111111111
11111111111111111111
11211111111111111211
12211111111111112211
22211111111111122211
22211111111111122211
22211111111111122211
11111111111111111111
11111111111111111111
11111111111111111111
11111111111111111111
11111111111111111111
22111112222111111111
22111112222111111111
22111112222111111111
11111111111111111111
22222222222222222222
22222222222222222222
22222222222222222222

=== WFC MAP 89 ===
DIFICULTAD: MEDIO
11111111111111111111
11111111111111111111
11111111111111111111
11111111111111111111
11111111111111111111
11111111111111111111
11111111111111111111
22221111111111111111
11111111111111111111
11111111111111111111
11111111111111111111
11111111111111111111
11111111111111111111
11111111111111111112
11111111111111111112
11111111111111111112
11111111111113111111
22222222222222222222
22222222222222222222
22222222222222222222

=== WFC MAP 90 ===
DIFICULTAD: FACIL
11111111111111111111
22111111111111111111
11111111111111111111
11111111111111121111
11111111111111221111
11111111111112221111
11111111111112221111
11111111111112221111
11111111111111111111
11111112211121111111
11111111111121111111
11111111111121111111
11111211111111111111
11222211222222211111
11222211222222211111
11222211222222211111
11111111111111111111
22222222222222222222
22222222222222222222
22222222222222222222

=== WFC MAP 91 ===
DIFICULTAD: EXPERTO
11111111111111111111
11111111111111111111
11111111111111111111
11111111111111111111
11111111111111111111
11111111111111111112
11111111111111111112
11111111111111111112
11111111111111111111
12222111111111111111
12222111111111111111
12222111111111311111
11111113311112222111
22222222222222222111
22222222222222222111
22222222222222222111
11111111111111111111
22222222222222222222
22222222222222222222
22222222222222222222

=== WFC MAP 92 ===
DIFICULTAD: EXPERTO
11111111111111111111
21111111111111111111
11111111111111111111
11111111111111111111
11111111111111111111
11111111112211111111
11111111112211111111
11111111112211111111
11111111112211111111
11111111112211111111
11111111112211111111
11111311112211131111
11122221112211222111
12222221122222222111
12222221122222222111
12222221122222222111
11111113111111111111
22222222222222222222
22222222222222222222
22222222222222222222

=== WFC MAP 93 ===
DIFICULTAD: DIFICIL
11111111111111111111
11111111111111111111
11111111111111111111
11211111111111111111
12211111111111111112
22211111111111111122
22211111111111111122
22211222111131111122
11111111111111111111
11111111111111111111
11111111111111111111
11111111111111111111
11111111111111121111
22111111111111221111
22111111111111221111
22111111111111221111
11111111111111113111
22222222222222222222
22222222222222222222
22222222222222222222

=== WFC MAP 94 ===
DIFICULTAD: DIFICIL
11111111111111111111
11111111111111111111
11111111111111111111
21111111111111111111
21111111111111111111
21111111111111111111
21111111111111111111
21111111111111111113
11111111111111111111
11111111111111111111
11111111111111111111
11111111111111111111
11111111111111111111
11111111111111111111
11111111111111111111
11111111111111111111
11111111131111111111
22222222222222222222
22222222222222222222
22222222222222222222

=== WFC MAP 95 ===
DIFICULTAD: MEDIO
11111111111111111111
11111111111111111111
11111111111111111111
11111111111111111111
11111111111111111111
11111111111111111111
11111111111111111111
22111111111111111111
11111111111111113111
11111111222221222111
11111111111111222111
11111111111111222111
11111111111111111111
11111111111122221111
11111111111122221111
11111111111122221111
11111111111111111111
22222222222222222222
22222222222222222222
22222222222222222222

=== WFC MAP 96 ===
DIFICULTAD: MEDIO
11111111111111111111
11111111112211111111
11111111111111111111
11111111111111111111
11111111111111111111
11111111111111111112
11111111111111111112
21111111111111111112
11111111111111111111
11111111111111111121
11111111111111311121
11111111111111111121
11111111111111111111
11111111111122222222
11111111111122222222
11111111111122222222
11111111111111111111
22222222222222222222
22222222222222222222
22222222222222222222

=== WFC MAP 97 ===
DIFICULTAD: FACIL
11111111111111111111
11111111111111111112
11111111111111111111
11111111112111121111
11111111122111221111
11111111222112221111
11111111222112221111
22211111222112221111
11111111111111111111
11111111111111111111
11111111111111111111
11111111111111111111
11111111111111111111
11111111111111111111
11111111111111111111
11111111111111111111
11111111111111111111
22222222222222222222
22222222222222222222
22222222222222222222

=== WFC MAP 98 ===
DIFICULTAD: DIFICIL
11111111111111111111
11111111111111111111
31111111111111111111
21111111111111111111
21111111111111111111
21111221111111111111
21111221111111111111
21111221111111111111
11111221111111111111
11111221112222221112
11311221112222221112
11111221112222221112
11111221111111111111
22222222222222222222
22222222222222222222
22222222222222222222
11111111111111111111
22222222222222222222
22222222222222222222
22222222222222222222

=== WFC MAP 99 ===
DIFICULTAD: MEDIO
11111111111111111111
22222222222111111111
11111111111111111111
11111111111111111111
11111111111111111111
11111111111111111111
11111111111111111111
11111111111111111111
11111111111111111111
11111111111111111222
11111111111111131222
11111111111111111222
11111111111111111111
11111111111222222222
11111111111222222222
11111111111222222222
11111111111111111111
22222222222222222222
22222222222222222222
22222222222222222222

=== WFC MAP 100 ===
DIFICULTAD: EXPERTO
11111111111111111111
11111111111111111111
11111111111111111111
11111111111111111111
11111111111111111111
11111111111111111112
11111111111111111112
11111111111111111112
11111111111111111111
12222111111111111111
12222111111111111111
12222111111111311111
11111113311112222111
22222222222222222111
22222222222222222111
22222222222222222111
11111111111111111111
22222222222222222222
22222222222222222222
22222222222222222222

=== WFC MAP 101 ===
DIFICULTAD: EXPERTO
11111111111111111111
11111111111111111111
11111111111131111111
11111111111121111111
11111111111221111111
11111111112221111111
11111111112221111111
11311111312221111111
31111111111111111111
21111111111111111221
21111111111111111221
21111111111111111221
11111111111111111111
11111111111122222222
11111111111122222222
11111111111122222222
11111111111111111111
22222222222222222222
22222222222222222222
22222222222222222222

=== WFC MAP 102 ===
DIFICULTAD: MEDIO
11111111111111111111
11111111111111111111
11111111111111111111
11111121111111121111
11111221111111221111
11112221111112221111
11112221111112221111
11112221111112221111
11111111111111111111
11221111111221111112
31221111111221111111
11221111111221111111
11111111111111111111
22222211122222211111
22222211122222211111
22222211122222211111
11111111111111111111
22222222222222222222
22222222222222222222
22222222222222222222

=== WFC MAP 103 ===
DIFICULTAD: EXPERTO
11111111111111111111
11111111211111111111
13111111111111111111
12111111111111111111
22111111111111111111
22111111111111111111
22111111111111111111
22111111111111111111
11111311111111111111
11122211111111111111
11122211111111111111
11122211111111111111
11111111113333311122
12222111122222222222
12222111122222222222
12222111122222222222
11111111111111111111
22222222222222222222
22222222222222222222
22222222222222222222

=== WFC MAP 104 ===
DIFICULTAD: MEDIO
11111111111111111111
11111111111111111111
11111111111111111111
11111111111111111211
11111111111111112211
11111111111111122211
11111111111111122211
11111111111111122211
11111111111111111111
11111111111112211111
11111111111112211111
11111111111112211111
11111111131111111111
11122222222222222111
11122222222222222111
11122222222222222111
11111111111111111111
22222222222222222222
22222222222222222222
22222222222222222222

=== WFC MAP 105 ===
DIFICULTAD: DIFICIL
11111111111111111111
11111111111111111111
11111111111111111111
11111111111111111111
11111111111111111111
11111111111111111111
11111111111111111111
31111111111111111111
11111111111111111111
11111111111111111111
11111111111111111111
11111111111111111111
11111111111121111111
11111111222221111111
11111111222221111111
11111111222221111111
11111111111113111111
22222222222222222222
22222222222222222222
22222222222222222222

=== WFC MAP 106 ===
DIFICULTAD: FACIL
11111111111111111111
11122222211111111111
11111111111111111111
11111111111111111111
11111111111111111111
11111111111111111111
11111111111111111111
11111111111111111111
11111111111111111111
11111111111111221111
11111111111111221111
11111111111111221111
11111111111111111111
11111111122222222222
11111111122222222222
11111111122222222222
11111111111111111111
22222222222222222222
22222222222222222222
22222222222222222222

=== WFC MAP 107 ===
DIFICULTAD: MEDIO
11111111111111111111
11111111111111111111
31111111111111111111
21111112111111111111
21111122111111111111
21111222111111111111
21111222111111111111
21111222112222211111
11111111111111111111
11112111111111111111
11112111111111111111
11112111111111111111
11111111111111111111
22222221111111111111
22222221111111111111
22222221111111111111
11111111111111111111
22222222222222222222
22222222222222222222
22222222222222222222

=== WFC MAP 108 ===
DIFICULTAD: FACIL
11111111111111111111
11111111111111111111
11111111111111111111
12111111111111121111
22111111111111221111
22111111111112221111
22111111111112221111
22111111111112221111
11111111111111111111
11111111111111111111
11111111111111111111
11111111111111111111
11111111111111111111
21111111111111111111
21111111111111111111
21111111111111111111
11111111111111111111
22222222222222222222
22222222222222222222
22222222222222222222

=== WFC MAP 109 ===
DIFICULTAD: FACIL
11111111111111111111
11111111111111111111
11111111111111111111
11111111111111111111
11111111111111111111
11111111111111111111
11111111111111111111
21111111111112222222
11111111111111111111
11111111111111111111
11111111111111111111
11111111111111111111
11111111111111111111
11111111111111111111
11111111111111111111
11111111111111111111
11111111111111111111
22222222222222222222
22222222222222222222
22222222222222222222

=== WFC MAP 110 ===
DIFICULTAD: EXPERTO
11111111111111111111
11111111111111111111
11111111111111111111
11111111111111111121
11111111111111111221
11111111111111112221
11111111111111112221
11111111111111112221
11111111111111111111
11111111111122121111
11111111111111121111
31311111111111121111
22221111111111111111
22221111111112222211
22221111111112222211
22221111111112222211
11111111131111111111
22222222222222222222
22222222222222222222
22222222222222222222

=== WFC MAP 111 ===
DIFICULTAD: FACIL
11111111111111111111
11111111111111111111
11111111111111111111
11111111111111111111
11111111111111111111
11111111111111111111
11111111111111111111
22222222222111111111
11111111111111111111
11111111111111111122
11111111111111111122
11111111111111111122
11111111111111111111
11111111111111122222
11111111111111122222
11111111111111122222
11111111111111111111
22222222222222222222
22222222222222222222
22222222222222222222

=== WFC MAP 112 ===
DIFICULTAD: MEDIO
11111111111111111111
11111111111111112211
11111111111111111111
11111111111111211111
11111111111112211111
11111111111122211111
11111111111122211111
11111111111122211111
11111111111111111111
11111111111111111111
11111111111111111111
11111111111111111111
11111111111111111111
11111111111111111122
11111111111111111122
11111111111111111122
31111111111111111111
22222222222222222222
22222222222222222222
22222222222222222222

=== WFC MAP 113 ===
DIFICULTAD: MEDIO
11111111111111111111
11111111111111111111
11111111111111111111
11111111111111111111
11111111111111111111
11111111111111111111
11111111111111111111
31111111111111111111
11111111111111111111
11111111111111111111
11111111111111111111
11111111111111111111
11111111111111111111
11111111111111111111
11111111111111111111
11111111111111111111
11111111111111111111
22222222222222222222
22222222222222222222
22222222222222222222

=== WFC MAP 114 ===
DIFICULTAD: DIFICIL
11111111111111111111
11111111111111111111
11111111111111111111
21111111111111111111
21111111111111111111
21111111111111111111
21111111111111111111
21111111111111111113
11111111111111111111
11111111111111111111
11111111111111111111
11111111111111111111
11111111111111111111
11111111111111111111
11111111111111111111
11111111111111111111
11111111131111111111
22222222222222222222
22222222222222222222
22222222222222222222

=== WFC MAP 115 ===
DIFICULTAD: FACIL
11111111111111111111
11122222211111111111
11111111111111111111
11111111111111111111
11111111111111111111
11111111111111111111
11111111111111111111
11111111111111111111
11111111111111111111
11111111111111221111
11111111111111221111
11111111111111221111
11111111111111111111
11111111122222222222
11111111122222222222
11111111122222222222
11111111111111111111
22222222222222222222
22222222222222222222
22222222222222222222

=== WFC MAP 116 ===
DIFICULTAD: EXPERTO
11111111111111111111
11111111111111111111
13111111113111111111
12111111112111111111
22111111122111111112
22111111222111111122
22111111222111111122
22111111222111111122
11113111111111111111
11122111111111122211
11122111111111122211
11122111111111122211
11111111111111111111
12221111112222222222
12221111112222222222
12221111112222222222
11111111111111111111
22222222222222222222
22222222222222222222
22222222222222222222

=== WFC MAP 117 ===
DIFICULTAD: EXPERTO
11111111111111111111
11111111111111111111
11311111111111111111
11211111111111111111
12211111111111111111
22211111111111111111
22211111111111111111
22211111111111111111
11111111111111111111
11111111111111111111
11113111111111111313
11111111111111111111
11111133331111111111
11222222222222222222
11222222222222222222
11222222222222222222
11111111111111111111
22222222222222222222
22222222222222222222
22222222222222222222

=== WFC MAP 118 ===
DIFICULTAD: DIFICIL
11111111111111111111
11111111221111111111
11111111111111111111
11111111111111111121
11111111111111111221
11111111111111112221
11111111111111112221
11311111111111112221
31111111111111111111
21111111111112121111
21111111111112121111
21111111111112121111
11111111111111111111
11111111112222222211
11111111112222222211
11111111112222222211
11111111111111111111
22222222222222222222
22222222222222222222
22222222222222222222

=== WFC MAP 119 ===
DIFICULTAD: EXPERTO
11111111111111111111
11111111211111111111
13111111111111111111
12111111111111111111
22111111111111111111
22111111111111111111
22111111111111111111
22111111111111111111
11111311111111111111
11122211111111111111
11122211111111111111
11122211111111111111
11111111113333311122
12222111122222222222
12222111122222222222
12222111122222222222
11111111111111111111
22222222222222222222
22222222222222222222
22222222222222222222

=== WFC MAP 120 ===
DIFICULTAD: DIFICIL
11111111111111111111
11111111111111111111
11111111111111111111
11111111111111111111
11111111111111111111
11111111111111111111
11111111111111111111
11122221111111111111
31111111111111111111
21111111111111111122
21111111111111111111
21111111111111111111
11111111112111111111
11111111222111111111
11111111222111111111
11111111222111111111
11111111111111131111
22222222222222222222
22222222222222222222
22222222222222222222

=== WFC MAP 121 ===
DIFICULTAD: MEDIO
11111111111111111111
11111111111111111111
11111111111113111111
11111111111112111111
11111111111122111111
11111111111222122222
11111111111222122222
22222221111222122222
11111111111111122222
11111111111111122222
11111111111111122222
11111111111111122222
11111111111111122222
11111111111112222222
11111111111112222222
11111111111112222222
11111111111111111111
22222222222222222222
22222222222222222222
22222222222222222222

=== WFC MAP 122 ===
DIFICULTAD: MEDIO
11111111111111111111
11111111111111111111
11111111111111111111
11111111111111111111
11111111111111111111
11111111111111111111
11111111111111111111
31111111111111111111
11111111111111111111
11111111111111111111
11111111111111111111
11111111111111111111
11111111111111111111
11111111111111111111
11111111111111111111
11111111111111111111
11111111111111111111
22222222222222222222
22222222222222222222
22222222222222222222

=== WFC MAP 123 ===
DIFICULTAD: DIFICIL
11111111111111111111
22211111111111111111
11111111111111111111
11111111111111111111
11111111111111111111
11111111111111111111
11111111111111111111
11111111111111111111
11111111111111111111
11111111111111211111
11111111111111211111
11111111111111211111
11111211111111111113
11122211111122222222
11122211111122222222
11122211111122222222
11111131111111111111
22222222222222222222
22222222222222222222
22222222222222222222

=== WFC MAP 124 ===
DIFICULTAD: MEDIO
11111111111111111111
11111111112211111111
11111111111111111111
11111111111111111111
11111111111111111111
11111111111111111112
11111111111111111112
21111111111111111112
11111111111111111111
11111111111111111121
11111111111111311121
11111111111111111121
11111111111111111111
11111111111122222222
11111111111122222222
11111111111122222222
11111111111111111111
22222222222222222222
22222222222222222222
22222222222222222222

=== WFC MAP 125 ===
DIFICULTAD: DIFICIL
11111111111111111111
11111111111111111111
11111111111311111111
11111111111211111111
11111111112211111111
11111111122211111111
11111111122211111111
11111111122211111111
11131111111111111111
12221111111111111112
12221111111111111112
12221111111111111112
11111111111111111111
22211111111222112222
22211111111222112222
22211111111222112222
11111111111111111111
22222222222222222222
22222222222222222222
22222222222222222222

=== WFC MAP 126 ===
DIFICULTAD: DIFICIL
11111111111111111111
11111111111111111111
11111111111111111111
11111111111111111111
11111111111111111111
11111111111111111111
11111111111111111111
31111111111111111111
11111111111111111111
11111111111111111111
11111111111111111111
11111111111111111111
11111111111121111111
11111111222221111111
11111111222221111111
11111111222221111111
11111111111113111111
22222222222222222222
22222222222222222222
22222222222222222222

=== WFC MAP 127 ===
DIFICULTAD: MEDIO
11111111111111111111
11111111111111111111
11111111111111111111
11111111111111111111
11111111111111111111
11111111111111111111
11111111111111111111
11111111111111111111
11111111111111111111
22221112111111111111
22221112111111111111
22221112111111113111
11111111111111122211
22222222222222222211
22222222222222222211
22222222222222222211
11111111111111111111
22222222222222222222
22222222222222222222
22222222222222222222

=== WFC MAP 128 ===
DIFICULTAD: EXPERTO
11111111111111111111
11111111111111111111
11311111111311111111
11211111111211111111
12211111112211111111
22211111122211112211
22211111122211112211
22211111122211112211
11111111111111112211
11111111111111112211
11111111111111112211
11111311111111112211
11112221111111112211
11222221111222222222
11222221111222222222
11222221111222222222
11111111111111111111
22222222222222222222
22222222222222222222
22222222222222222222

=== WFC MAP 129 ===
DIFICULTAD: DIFICIL
11111111111111111111
11111111111111111111
11111111111111111111
11111111111111111211
11111111111111112211
11122111122111122211
11122111122111122211
11122111122111122211
11122111122111111111
11122111122112211111
11122131122112211111
11122111122112211111
31122111122111111111
22222222222222222111
22222222222222222111
22222222222222222111
11111111111111111111
22222222222222222222
22222222222222222222
22222222222222222222

=== WFC MAP 130 ===
DIFICULTAD: DIFICIL
11111111111111111111
11111111111111111111
11131111111111111111
11121111111111121111
11221111111111221111
12221111111112221111
12221111111112221111
12221111111112221111
11111111111111111111
11111111112121111111
11111111112121111111
11111111112121111111
11111311111111111111
11122222222222211111
11122222222222211111
11122222222222211111
11111111111111111111
22222222222222222222
22222222222222222222
22222222222222222222

=== WFC MAP 131 ===
DIFICULTAD: EXPERTO
11111111111111111111
11111111111111111111
11111111111113111111
11111111111112111111
11111111111122111111
11111111111222111111
11111111111222111111
11111311111222111111
31111111111111111111
21111111111111111222
21111111111111111222
21111111111111111222
11111111111111111111
11111112211112222222
11111112211112222222
11111112211112222222
11111111111111111111
22222222222222222222
22222222222222222222
22222222222222222222

=== WFC MAP 132 ===
DIFICULTAD: DIFICIL
11111111111111111111
11111111111111111111
11111111111111111111
11111112111111111111
11111122111111111111
11111222111111111111
11111222111111111111
31111222111111111111
11111111111111111111
11112111111111111111
11112111111111111111
11112111111111111111
11111111111111122111
11222221111111222111
11222221111111222111
11222221111111222111
11111111111111111311
22222222222222222222
22222222222222222222
22222222222222222222

=== WFC MAP 133 ===
DIFICULTAD: FACIL
11111111111111111111
11111111111111111111
11111111111111111111
11111111111111211121
11111111111112211221
11111111111122212221
11111111111122212221
11111111111122212221
11111111111111111111
21111111111111111111
11111111111111111111
11111111111111111111
11111111111111111111
22222211111111111111
22222211111111111111
22222211111111111111
11111111111111111111
22222222222222222222
22222222222222222222
22222222222222222222

=== WFC MAP 134 ===
DIFICULTAD: MEDIO
11111111111111111111
11111111111111111111
11111111111111111111
11111111111111111111
11111111111111111111
21211111111111111111
21211111111111111111
21211111111111111111
21211111111111111111
21211111111111111111
21211113111111111111
21211111111111111111
21211111111111111111
22222222222221111111
22222222222221111111
22222222222221111111
11111111111111111111
22222222222222222222
22222222222222222222
22222222222222222222

=== WFC MAP 135 ===
DIFICULTAD: EXPERTO
11111111111111111111
11112111111111111111
11111111111111111111
11111111111111111111
11111111111111111111
11111111111111111111
11111111111111111111
31111111111311131111
11111111111111111111
11111111111111111111
11111111111111111111
11111111111111111111
11111111111111111111
11111211111111111112
11111211111111111112
11111211111111111112
11111111111111111111
22222222222222222222
22222222222222222222
22222222222222222222

=== WFC MAP 136 ===
DIFICULTAD: MEDIO
11111111111111111111
11111111111111111122
11111111111111111111
11111111111111111111
11111111111111111111
11111111111111111111
11111111111111111111
31111111111111111111
11111111111111111111
11111111111111111111
11111111111111111111
11111111111111111111
11111111111111111111
11111111111111111111
11111111111111111111
11111111111111111111
11111111111111111111
22222222222222222222
22222222222222222222
22222222222222222222

=== WFC MAP 137 ===
DIFICULTAD: EXPERTO
11111111111111111111
11111111111111111111
11111111111111111111
11111111111111111111
11111111111111111111
11111111111111111111
11111111111111111111
11111111111111111111
11111111111111111111
11111111111111111122
11111111111111111111
13131111111111111111
22222111111111111111
22222111111111111111
22222111111111111111
22222111111111111111
11111311111111111111
22222222222222222222
22222222222222222222
22222222222222222222

=== WFC MAP 138 ===
DIFICULTAD: DIFICIL
11111111111111111111
11111111111111111111
11111111111111111111
11211111111111111111
12211111111111111111
22211111111111111111
22211111111111111111
22211111111111111113
11111111111111111111
11111112222111111111
11111111111111131111
11111111111111111111
11111111111111111211
22111111112222222211
22111111112222222211
22111111112222222211
11111111111111111111
22222222222222222222
22222222222222222222
22222222222222222222

=== WFC MAP 139 ===
DIFICULTAD: EXPERTO
11111111111111111111
11111111111222221111
13111111111111111111
12111111111111111111
22111111111111111111
22111111111111111111
22111111111111111111
22111111311111111111
11111111111111111111
11111111111111111111
11111111111111111111
11111111111111111111
11112211111111111331
12222211111111112222
12222211111111112222
12222211111111112222
11111131111111111111
22222222222222222222
22222222222222222222
22222222222222222222

=== WFC MAP 140 ===
DIFICULTAD: EXPERTO
11111111111111111111
22222222111111111111
11111111111111111131
11111111111111111121
11111111111111111221
11111111111111112221
11111111111111112221
11111111111111112221
11111111111111111111
11111111111111111111
11111111111111111111
11111111113111111111
11111111122211111111
11111111222211111122
11111111222211111122
11111111222211111122
11111111111131111111
22222222222222222222
22222222222222222222
22222222222222222222

=== WFC MAP 141 ===
DIFICULTAD: DIFICIL
11111111111111111111
11111111111111111111
11111111111111111111
11111111111111111111
11111111111111111111
11111111111111111111
11111111111111111111
11111111111111111111
11111111111111111111
11111111111111111111
11111111111111111113
13111111111111111111
22222211111111111111
22222211111111111222
22222211111111111222
22222211111111111222
11111111111111111111
22222222222222222222
22222222222222222222
22222222222222222222

=== WFC MAP 142 ===
DIFICULTAD: MEDIO
11111111111111111111
11111111111111111111
11111111111111111111
12111111111111111112
22111111111111111122
22111111111111111222
22111111111111111222
22111111111113111222
11111111111111111111
11111111111111111111
11111111111111111111
11111111111111111111
11111222111111111111
21122222111111111111
21122222111111111111
21122222111111111111
11111111111111111111
22222222222222222222
22222222222222222222
22222222222222222222

=== WFC MAP 143 ===
DIFICULTAD: FACIL
11111111111111111111
22211111111111111111
11111111111111111111
11111111111111111111
11111111111111111112
11112111111111111122
11112111111111111122
11112111111111111122
11112111111111111111
11112111111112212211
11112111111112212211
11112111111112212211
11112111111111111111
11122222222222222222
11122222222222222222
11122222222222222222
11111111111111111111
22222222222222222222
22222222222222222222
22222222222222222222

=== WFC MAP 144 ===
DIFICULTAD: MEDIO
11111111111111111111
11111112111111111122
11111111111111111111
11111211111111111111
11112211111111111111
11122211111111111111
11122211111111111111
11122211111111111111
31111111111111111111
21111111111111111111
21111111111111111111
21111111111111111111
11111111111111111111
11111111221111111111
11111111221111111111
11111111221111111111
11111111111111111111
22222222222222222222
22222222222222222222
22222222222222222222

=== WFC MAP 145 ===
DIFICULTAD: DIFICIL
11111111111111111111
11111111111111111111
31111111111111111111
21111111111111111111
21111111111111111111
21211111111111111111
21211111111111111111
21211111111111122222
11211111111131111111
11212111112221111111
11212111112221111111
11212111112221111111
11211111111111111111
22222222222211111111
22222222222211111111
22222222222211111111
11111111111111111111
22222222222222222222
22222222222222222222
22222222222222222222

=== WFC MAP 146 ===
DIFICULTAD: MEDIO
11111111111111111111
11111111111111111111
11111111111111111111
11111111111211111111
11111111112211111112
11111111122211111122
11111111122211111122
11122221122211111122
31111111111111111111
21111111111111111111
21111111111111111111
21111111111111111111
11111111111111111111
11111111111111111111
11111111111111111111
11111111111111111111
11111111111111111111
22222222222222222222
22222222222222222222
22222222222222222222

=== WFC MAP 147 ===
DIFICULTAD: EXPERTO
11111111111111111111
11111111111111111111
11111111111111113111
11111111111111112111
11111111111111122111
22111111111111222111
22111111111111222111
22111111111111222111
22111111111111111111
22111111111111111111
22111111111111111111
22111113113111111111
22111222222211111111
22222222222211112222
22222222222211112222
22222222222211112222
11111111111131111111
22222222222222222222
22222222222222222222
22222222222222222222

=== WFC MAP 148 ===
DIFICULTAD: EXPERTO
11111111111111111111
11111111111111111111
11111111111111111111
11111111111112111111
11111111111122111111
11111111111222111111
11111111111222111111
31111111111222111111
11111111111111111111
11111111111111111111
11111111111111111111
11111111111111111111
11111111111111111111
11111111111111111111
11111111111111111111
11111111111111111111
11111313111111111111
22222222222222222222
22222222222222222222
22222222222222222222

=== WFC MAP 149 ===
DIFICULTAD: DIFICIL
11111111111111111111
11111111111111111111
11131111111111111111
11121111111111121111
11221111111111221111
12221111111112221111
12221111111112221111
12221111111112221111
11111111111111111111
11111111112121111111
11111111112121111111
11111111112121111111
11111311111111111111
11122222222222211111
11122222222222211111
11122222222222211111
11111111111111111111
22222222222222222222
22222222222222222222
22222222222222222222

=== WFC MAP 150 ===
DIFICULTAD: FACIL
11111111111111111111
11111111111111111111
11111111111111111111
11111111111111211121
11111111111112211221
11111111111122212221
11111111111122212221
11111111111122212221
11111111111111111111
21111111111111111111
11111111111111111111
11111111111111111111
11111111111111111111
22222211111111111111
22222211111111111111
22222211111111111111
11111111111111111111
22222222222222222222
22222222222222222222
22222222222222222222

=== WFC MAP 151 ===
DIFICULTAD: DIFICIL
11111111111111111111
11111111111111111122
11111111111111111111
11211111111111111111
12211111111111111111
22211111111111111111
22211111111111111111
22211111111111111111
11111111111111111111
11111111111111111111
11111111111111111111
11111111131131111111
11111112222222111111
22111222222222111111
22111222222222111111
22111222222222111111
11111111111111111111
22222222222222222222
22222222222222222222
22222222222222222222

=== WFC MAP 152 ===
DIFICULTAD: EXPERTO
11111111111111111111
11111111121111111111
11111111111111111111
11111112111111111111
11111122111111111111
11111222111111111111
11111222111111111111
11111222111111111111
11111111111111111131
11122111111111112221
11122111111111112221
11122111111111112221
33111111111111111111
22222221112222222211
22222221112222222211
22222221112222222211
11111111111111111111
22222222222222222222
22222222222222222222
22222222222222222222

=== WFC MAP 153 ===
DIFICULTAD: FACIL
11111111111111111111
11111111111111111111
11111111111111111111
11121111121111111111
11221111221111111111
12221112221111111111
12221112221111111111
12221112221111111111
11111111111111111111
21111111111111111111
21111111111111111111
21111111111111111111
11111111111111111111
22211111111111111111
22211111111111111111
22211111111111111111
11111111111111111111
22222222222222222222
22222222222222222222
22222222222222222222

=== WFC MAP 154 ===
DIFICULTAD: FACIL
11111111111111111111
22211111111111111111
11111111111111111111
11111111111111111111
11111111111111111112
11112111111111111122
11112111111111111122
11112111111111111122
11112111111111111111
11112111111112212211
11112111111112212211
11112111111112212211
11112111111111111111
11122222222222222222
11122222222222222222
11122222222222222222
11111111111111111111
22222222222222222222
22222222222222222222
22222222222222222222

=== WFC MAP 155 ===
DIFICULTAD: FACIL
11111111111111111111
11111111111111111111
11111111111111111111
11111111111111111111
11111111111111111112
11111222111111111122
11111222111111111122
11111222111111111122
11111222111111111111
22111222121122222211
11111222121122222211
11111222121122222211
11111222111111111111
12222222222222222222
12222222222222222222
12222222222222222222
11111111111111111111
22222222222222222222
22222222222222222222
22222222222222222222

=== WFC MAP 156 ===
DIFICULTAD: FACIL
11111111111111111111
22111111111111111111
11111111111111111111
11111111211111111111
11111112211111111111
11111122211111111111
11111122211111111111
11111122211111111111
11111111111111111111
11122211111112211112
11122211111112211112
11122211111112211112
11111111111111111111
11222222111222222222
11222222111222222222
11222222111222222222
11111111111111111111
22222222222222222222
22222222222222222222
22222222222222222222

=== WFC MAP 157 ===
DIFICULTAD: MEDIO
11111111111111111111
11111122221111111111
11111111111111111111
11111111111111111111
11111111111111111111
11111111111111111111
11111111111111111111
11111111111111111111
11111111111111111111
11111111111111111111
11111111111111111111
11111111111111111111
11111111111112111111
11111111112222111111
11111111112222111111
11111111112222111111
31111111111111111111
22222222222222222222
22222222222222222222
22222222222222222222

=== WFC MAP 158 ===
DIFICULTAD: MEDIO
11111111111111111111
11111111111111111111
11111111111111111111
11111111111211111111
11111111112211111112
11111111122211111122
11111111122211111122
11122221122211111122
31111111111111111111
21111111111111111111
21111111111111111111
21111111111111111111
11111111111111111111
11111111111111111111
11111111111111111111
11111111111111111111
11111111111111111111
22222222222222222222
22222222222222222222
22222222222222222222

=== WFC MAP 159 ===
DIFICULTAD: DIFICIL
11111111111111111111
11111111111111111111
11111111111111111111
12111111111111111121
22111111111111111221
22111111211111112221
22111111211111112221
22111111211111112221
11111111211111111111
11112221211111111111
11111111213111111111
11111111211111111111
11111111211112111111
21111122222222111111
21111122222222111111
21111122222222111111
11111111111111311111
22222222222222222222
22222222222222222222
22222222222222222222

=== WFC MAP 160 ===
DIFICULTAD: MEDIO
11111111111111111111
11111111111111111111
11111111111111111111
11111111111111111111
11111111111111111111
11111111111111111111
11111111111111111111
22111111111111111111
11111111111111113111
11111111222221222111
11111111111111222111
11111111111111222111
11111111111111111111
11111111111122221111
11111111111122221111
11111111111122221111
11111111111111111111
22222222222222222222
22222222222222222222
22222222222222222222

=== WFC MAP 161 ===
DIFICULTAD: DIFICIL
11111111111111111111
11111111111111111111
31111111111111111111
21111111111111111111
21111111111111111111
21211111111111111111
21211111111111111111
21211111111111122222
11211111111131111111
11212111112221111111
11212111112221111111
11212111112221111111
11211111111111111111
22222222222211111111
22222222222211111111
22222222222211111111
11111111111111111111
22222222222222222222
22222222222222222222
22222222222222222222

=== WFC MAP 162 ===
DIFICULTAD: FACIL
11111111111111111111
11111111111111111111
11111111111111111111
12111111111111111111
22111111111111111111
22111111122222211111
22111111122222211111
22111111122222211111
11111111122222211111
11112222122222211222
11111111122222211222
11111111122222211222
11111111122222211111
21111112222222222222
21111112222222222222
21111112222222222222
11111111111111111111
22222222222222222222
22222222222222222222
22222222222222222222

=== WFC MAP 163 ===
DIFICULTAD: EXPERTO
11111111111111111111
11111111111111111111
11111111111113111111
11211111111112111111
12211111111122111111
22211111111222111111
22211111111222111111
22211111111222111111
11111111111111111111
11112221111111111111
11111111111111111111
11111111111111111311
11111111211111112222
22111122211112222222
22111122211112222222
22111122211112222222
11111111131111111111
22222222222222222222
22222222222222222222
22222222222222222222

=== WFC MAP 164 ===
DIFICULTAD: DIFICIL
11111111111111111111
11111111111111111111
31111111111111111111
21111111111111111111
21111111111111111111
21111111111111122221
21111111111111122221
21111111111111122221
11111111111111122221
11111111111111122221
11111111111111122221
11111111111111122221
11111111111111122221
22221111111112222222
22221111111112222222
22221111111112222222
11111111111311111111
22222222222222222222
22222222222222222222
22222222222222222222

=== WFC MAP 165 ===
DIFICULTAD: DIFICIL
11111111111111111111
22211111111111111111
11111111111111111111
11111111111111111111
11111111111111111111
11111111111111111111
11111111111111111111
11111111111111111111
11111111111111111111
11111111111111211111
11111111111111211111
11111111111111211111
11111211111111111113
11122211111122222222
11122211111122222222
11122211111122222222
11111131111111111111
22222222222222222222
22222222222222222222
22222222222222222222

=== WFC MAP 166 ===
DIFICULTAD: DIFICIL
11111111111111111111
11111111111111111111
11111111111111111111
11111111111111111111
11111111111111111111
11111111111111111111
11111111111111111111
11111111111111111111
11111111111111111111
21111111111111111111
21111111111111111111
21131111111111111111
11222111111111111111
22222111121111111111
22222111121111111111
22222111121111111111
11111131111111111111
22222222222222222222
22222222222222222222
22222222222222222222

=== WFC MAP 167 ===
DIFICULTAD: MEDIO
11111111111111111111
21111111111111111111
11111111111111111111
11111112111111111111
11111122111111111111
11111222111111111111
11111222111111111111
11111222111111111111
11111111111111111113
11222111111111221222
11222111111111111222
11222111111111111222
11111111111111111111
12222221111111122221
12222221111111122221
12222221111111122221
11111111111111111111
22222222222222222222
22222222222222222222
22222222222222222222

=== WFC MAP 168 ===
DIFICULTAD: FACIL
11111111111111111111
11111111111111111111
11111111111111111111
11111111111111111111
11111111111111111111
11111111111111111111
11111111111111111111
22222222222111111111
11111111111111111111
11111111111111111122
11111111111111111122
11111111111111111122
11111111111111111111
11111111111111122222
11111111111111122222
11111111111111122222
11111111111111111111
22222222222222222222
22222222222222222222
22222222222222222222

=== WFC MAP 169 ===
DIFICULTAD: EXPERTO
11111111111111111111
11111111111111111111
11111111111111111111
11111111111111111111
11111111111111111111
11111111111111221111
11111111111111221111
11111111111111221111
11111111111111221111
11111111111111221111
11113113131131221111
11111111111111221131
21111111111111221222
21222222222222222222
21222222222222222222
21222222222222222222
11111111111111111111
22222222222222222222
22222222222222222222
22222222222222222222

=== WFC MAP 170 ===
DIFICULTAD: MEDIO
11111111111111111111
11111111111111111111
11111111111111111111
12111111111121111111
22111111111221111111
22111111112221111111
22111111112221111111
22111111112221111111
11111111111111111111
11111111121111111111
11111111121111111111
11111111121111111111
11111111111111111111
21111111222211111111
21111111222211111111
21111111222211111111
11113111111111111111
22222222222222222222
22222222222222222222
22222222222222222222

=== WFC MAP 171 ===
DIFICULTAD: EXPERTO
11111111111111111111
11111111111111111111
11111111111111111111
11111111111111111111
11111111111111111111
11111111111111111111
11111111111111111111
11111111111111111111
11111111111111111111
11111111111111111111
31111111111111111111
11111113113111111111
11111122222211111111
22222222222211111122
22222222222211111122
22222222222211111122
11111111111111111111
22222222222222222222
22222222222222222222
22222222222222222222

=== WFC MAP 172 ===
DIFICULTAD: MEDIO
11111111111111111111
11111111111111111111
11111111111111111111
11111111111111111211
11111111111111112211
11111111111111122211
11111111111111122211
11111111111111122211
11111111111111111111
11111111111112211111
11111111111112211111
11111111111112211111
11111111131111111111
11122222222222222111
11122222222222222111
11122222222222222111
11111111111111111111
22222222222222222222
22222222222222222222
22222222222222222222

=== WFC MAP 173 ===
DIFICULTAD: EXPERTO
11111111111111111111
11111111111111111111
11111111131111111111
21111111121111111111
21111111221111111111
21111112221111111111
21111112221111111111
21111112221111111111
11111111111111111111
11111111111111111111
11111111111111111111
11111111111111111111
11111111111111331222
11111111122222222222
11111111122222222222
11111111122222222222
11111111111111111111
22222222222222222222
22222222222222222222
22222222222222222222

=== WFC MAP 174 ===
DIFICULTAD: MEDIO
11111111111111111111
11111111111111222211
11111111111111111111
11111111111111111111
11111111111111111111
11111111111111111111
11111111111111111111
11111111111111111111
11111111111111111111
11111111111111111111
11111111111111111111
11111111111111111111
31122111111111111111
22222111111111111122
22222111111111111122
22222111111111111122
11111111111111111111
22222222222222222222
22222222222222222222
22222222222222222222

=== WFC MAP 175 ===
DIFICULTAD: DIFICIL
11111111111111111111
11111111111111111111
11111111111111111111
11111111111111111121
11111111111111111221
11111111111111112221
11111111111111112221
11111111111111112221
11131111111111111111
11221111112222221111
31221111112222221111
11221111112222221111
11111111111111111111
22211111222222222211
22211111222222222211
22211111222222222211
11111111111111111111
22222222222222222222
22222222222222222222
22222222222222222222

=== WFC MAP 176 ===
DIFICULTAD: MEDIO
11111111111111111111
11111111111111111111
11111111111111111111
11111111111111111111
11111111111111111111
21211111111111111111
21211111111111111111
21211111111111111111
21211111111111111111
21211111111111111111
21211113111111111111
21211111111111111111
21211111111111111111
22222222222221111111
22222222222221111111
22222222222221111111
11111111111111111111
22222222222222222222
22222222222222222222
22222222222222222222

=== WFC MAP 177 ===
DIFICULTAD: EXPERTO
11111111111111111111
11111111111222221111
13111111111111111111
12111111111111111111
22111111111111111111
22111111111111111111
22111111111111111111
22111111311111111111
11111111111111111111
11111111111111111111
11111111111111111111
11111111111111111111
11112211111111111331
12222211111111112222
12222211111111112222
12222211111111112222
11111131111111111111
22222222222222222222
22222222222222222222
22222222222222222222

=== WFC MAP 178 ===
DIFICULTAD: MEDIO
11111111111111111111
11111111111111111111
11111111111111111111
11111111112111111111
11111111122111111111
11111111222111111111
11111111222111111111
21111111222111111111
11111111111111113111
11111111111111222122
11111111111111222111
11111111111111222111
11111111111111111111
11111111111112221112
11111111111112221112
11111111111112221112
11111111111111111111
22222222222222222222
22222222222222222222
22222222222222222222

=== WFC MAP 179 ===
DIFICULTAD: EXPERTO
11111111111111111111
11111111111111111111
11311111111111111111
11211111111111111111
12211111111111111111
22211111111111111111
22211111111111111111
22211111111113111111
11111111111111111111
11112111111111111111
11112111111111111111
11112111111111111111
11111122211111111111
11222222211111111111
11222222211111111111
11222222211111111111
11111111131111111131
22222222222222222222
22222222222222222222
22222222222222222222

=== WFC MAP 180 ===
DIFICULTAD: EXPERTO
11111111111111111111
11111111111111111111
11111111111111111111
11111111111111111111
11111111111111111111
11111111111111111111
11111111111111111111
11111111111111111111
11111111111111111111
22211111211111211111
22211111211111211111
22211111211111211111
11113311113111111121
22222222222222222221
22222222222222222221
22222222222222222221
11111111111111111113
22222222222222222222
22222222222222222222
22222222222222222222

=== WFC MAP 181 ===
DIFICULTAD: MEDIO
11111111111111111111
11111111111111111111
11111111111111111111
11211111111111211111
12211111111112211111
22211111111122211111
22211111111122211111
22211121111122211111
11111111111111111111
11111111111211111111
11111111111211111111
11111111111211111111
11111111111111111111
22111111112222111111
22111111112222111111
22111111112222111111
11111111111111111131
22222222222222222222
22222222222222222222
22222222222222222222

=== WFC MAP 182 ===
DIFICULTAD: MEDIO
11111111111111111111
11111111111111111111
11111111111111111111
11111111111111111111
11111111111111111111
11111111111111111111
11111111111111111111
22222222222211111113
11111111111111111111
11111111111111111111
11111111111111111111
11111111111111111111
11111111111111111111
11111111111111111111
11111111111111111111
11111111111111111111
11111111111111111111
22222222222222222222
22222222222222222222
22222222222222222222

=== WFC MAP 183 ===
DIFICULTAD: DIFICIL
11111111111111111111
11111111111111111111
11111111111111111111
11111111111111111111
11111111111111111111
11111111111111111111
11111111111111111111
11111311111131111111
11111111111111111111
11111111111111112221
11111111111111112221
11111111111111112221
11111111111111111111
11111111111111122222
11111111111111122222
11111111111111122222
11111111111111111111
22222222222222222222
22222222222222222222
22222222222222222222

=== WFC MAP 184 ===
DIFICULTAD: EXPERTO
11111111111111111111
11111111111111111111
11111111111111111111
11111111111111111111
11111111111111111111
11111111111111111111
11111111111111111111
11111111111111111111
11111111111111111111
11111111111111111111
31111111111111111111
11111113113111111111
11111122222211111111
22222222222211111122
22222222222211111122
22222222222211111122
11111111111111111111
22222222222222222222
22222222222222222222
22222222222222222222

=== WFC MAP 185 ===
DIFICULTAD: EXPERTO
11111111111111111111
11111111111111111111
13111111111111111111
12111111111111111111
22111111111111111111
22111111111111111111
22111111111111111111
22111111111111111111
11113111111111111111
11122111222111111112
11122111111111131112
11122111111111111112
11111111111133111111
12221111112222222222
12221111112222222222
12221111112222222222
11111111111111111111
22222222222222222222
22222222222222222222
22222222222222222222

=== WFC MAP 186 ===
DIFICULTAD: MEDIO
11111111111111111111
11111111111111111111
11111111111111111111
11111111111111111111
11111111111111111111
22221111111111111111
22221111111111111111
22221111111111111111
22221111111111111111
22221111111111111112
22221111111111111111
22221111111111111111
22221111211111111111
22222222211111111111
22222222211111111111
22222222211111111111
11111111131111111111
22222222222222222222
22222222222222222222
22222222222222222222

=== WFC MAP 187 ===
DIFICULTAD: MEDIO
11111111111111111111
11111111111211111111
11111111111111111111
11111111111111111111
11111111111111111111
11111111111111111111
11111111111111111111
11111111111111111111
11111111111111111111
11111111111111111111
11111111111111111111
11111111111111111111
22211111111111111111
22211111111122222211
22211111111122222211
22211111111122222211
11111111131111111111
22222222222222222222
22222222222222222222
22222222222222222222

=== WFC MAP 188 ===
DIFICULTAD: DIFICIL
11111111111111111111
11111122222221111111
11111111111111111111
12111111111111111111
22111111111111111111
22111111111111111111
22111111111111111111
22111111111111111113
11111111111111111111
11111111111111111111
11111111111111111111
11111111111111111111
11111111111111121111
21111111111112221111
21111111111112221111
21111111111112221111
11111111111111113111
22222222222222222222
22222222222222222222
22222222222222222222

=== WFC MAP 189 ===
DIFICULTAD: DIFICIL
11111111111111111111
11111111111111111122
11111111111111111111
11211111111111111111
12211111111111111111
22211111111111111111
22211111111111111111
22211111111111111111
11111111111111111111
11111111111111111111
11111111111111111111
11111111131131111111
11111112222222111111
22111222222222111111
22111222222222111111
22111222222222111111
11111111111111111111
22222222222222222222
22222222222222222222
22222222222222222222

=== WFC MAP 190 ===
DIFICULTAD: DIFICIL
11111111111111111111
11111111111111111111
11111111111111111111
11111111111111111111
11111111111111111111
21121111111111111111
21121111111111111111
21121111111311111111
21121111311111111111
21121122211111111111
21121122211111111111
21121122211111111111
21121111111111111111
22222222111111111111
22222222111111111111
22222222111111111111
11111111111111111111
22222222222222222222
22222222222222222222
22222222222222222222

=== WFC MAP 191 ===
DIFICULTAD: MEDIO
11111111111111111111
21111111111111111111
11111111111111111111
11111112111111111111
11111122111111111111
11111222111111111111
11111222111111111111
11111222111111111111
11111111111111111113
11222111111111221222
11222111111111111222
11222111111111111222
11111111111111111111
12222221111111122221
12222221111111122221
12222221111111122221
11111111111111111111
22222222222222222222
22222222222222222222
22222222222222222222

=== WFC MAP 192 ===
DIFICULTAD: MEDIO
11111111111111111111
11111111111111111111
31111111111111111111
21111112111111111111
21111122111111111111
21111222111111111111
21111222111111111111
21111222112222211111
11111111111111111111
11112111111111111111
11112111111111111111
11112111111111111111
11111111111111111111
22222221111111111111
22222221111111111111
22222221111111111111
11111111111111111111
22222222222222222222
22222222222222222222
22222222222222222222

=== WFC MAP 193 ===
DIFICULTAD: FACIL
11111111111111111111
11111111111111111112
11111111111111111111
11111111111111111111
11111111111111111111
11111111111111111111
11111111111111111111
11111122222111111111
11111111111111111111
11111111111111111111
11111111111111111111
11111111111111111111
11111111111111111111
11111111111111111111
11111111111111111111
11111111111111111111
11111111111111111111
22222222222222222222
22222222222222222222
22222222222222222222

=== WFC MAP 194 ===
DIFICULTAD: MEDIO
11111111111111111111
11111111111111111111
11111111111111111111
11111111121111111111
11111111221111111111
11111112221111111111
11111112221111111111
11111112221111111111
11111111111111111111
22111121111111122222
11111121111111122222
11111121111111122222
11113111111111111111
12222222211111222222
12222222211111222222
12222222211111222222
11111111111111111111
22222222222222222222
22222222222222222222
22222222222222222222

=== WFC MAP 195 ===
DIFICULTAD: FACIL
11111111111111111111
11111111111111111111
11111111111111111111
12111111112111111111
22111111122111111111
22111111222111111111
22111111222111111111
22111111222111111111
11111111111111111111
11111111111111111111
11111111111111111111
11111111111111111111
11111111111111111111
11111111111111111111
11111111111111111111
11111111111111111111
11111111111111111111
22222222222222222222
22222222222222222222
22222222222222222222

=== WFC MAP 196 ===
DIFICULTAD: MEDIO
11111111111111111111
11111111111111111111
31111111111111111111
21111112111111111111
21111122111111111111
21111222111111111111
21111222111111111111
21111222112222211111
11111111111111111111
11112111111111111111
11112111111111111111
11112111111111111111
11111111111111111111
22222221111111111111
22222221111111111111
22222221111111111111
11111111111111111111
22222222222222222222
22222222222222222222
22222222222222222222

=== WFC MAP 197 ===
DIFICULTAD: MEDIO
11111111111111111111
11111111111111111111
11111111111111111111
11111111111111111111
11111111111111111111
11111111111111111112
11111111111111111112
11111111111111111112
11111111111111311111
11111111111222211111
11111111111222211111
11111111111222211111
11111111111111111111
11111222222222111111
11111222222222111111
11111222222222111111
11111111111111111111
22222222222222222222
22222222222222222222
22222222222222222222

=== WFC MAP 198 ===
DIFICULTAD: MEDIO
11111111111111111111
11111111111111111111
11111111111111111111
11111111112111111111
11111111122111111111
11112111222111111111
11112111222111111111
11112111222111111111
11112111111111111111
21112112111111111111
11112112111111111111
11112112111111111111
11112111111111111111
22222222221111112222
22222222221111112222
22222222221111112222
11111111111113111111
22222222222222222222
22222222222222222222
22222222222222222222

=== WFC MAP 199 ===
DIFICULTAD: EXPERTO
11111111111111111111
21111111111111111111
11111111111111111111
11111111111111111111
11111111111111111111
11111111112211111111
11111111112211111111
11111111112211111111
11111111112211111111
11111111112211111111
11111111112211111111
11111311112211131111
11122221112211222111
12222221122222222111
12222221122222222111
12222221122222222111
11111113111111111111
22222222222222222222
22222222222222222222
22222222222222222222

=== WFC MAP 200 ===
DIFICULTAD: EXPERTO
11111111111111111111
11111111111111111111
11111111111131111111
11111111111121111111
11111111111221111111
11111111112221111111
11111111112221111111
11111111212221111111
31111111111111113111
21111111111111222111
21111111111111222111
21111111111111222111
11111111111111111111
11111111111122221111
11111111111122221111
11111111111122221111
11111131111111111111
22222222222222222222
22222222222222222222
22222222222222222222

